0.849258
0.0418161
0.0561211
0.426039
0.479733
0.501694
0.980527
0.607505
0.912656
0.750416
0.713813
0.971132
0.0292117
0.264289
0.0183105
0.0806761
0.154636
0.114352
0.756538
0.938249
0.128804
0.592612
0.122524
0.599178
0.0658728
0.256026
0.412451
0.948387
0.353495
0.0169964
0.973425
0.762359
0.861975
0.40513
0.867867
0.0367614
0.208479
0.423333
0.984823
0.564353
0.576262
0.468223
0.46416
0.761121
0.302084
0.417257
0.098524
0.136846
0.698138
0.180448
0.893077
0.730879
0.302287
0.141218
0.8241
0.442203
0.590112
0.977622
0.502689
0.897659
0.724808
0.261282
0.455035
0.261958
0.960489
0.0169306
0.940439
0.901961
0.0978709
0.521122
0.0847016
0.795402
0.86891
0.0957817
0.880272
0.00600615
0.202012
0.472639
0.644231
0.933968
0.0984262
0.570898
0.507583
0.659436
0.892915
0.735755
0.68925
0.809339
0.240409
0.763515
0.768728
0.54236
0.481051
0.41438
0.0735676
0.526698
0.507623
0.751598
0.131093
0.00937614
