59.6479
80.058
106.322
101.935
86.4921
62.3042
93.8812
83.7787
87.2273
145.245
70.2264
83.2764
96.3248
72.9206
101.473
96.6614
114.517
88.5749
113.501
98.3297
72.957
71.0237
91.0727
98.4607
112.226
75.721
92.4246
84.3702
63.4744
79.2416
84.1054
90.157
90.0887
92.3189
88.3858
110.791
82.2702
89.0292
72.6238
89.1709
80.1971
74.7961
109.729
101.197
111.512
79.5161
75.0223
85.81
73.3183
74.5923
105.148
100.82
85.526
100.078
82.2637
89.3717
111.586
130.842
88.4261
80.0682
73.7427
90.2379
95.1365
93.916
103.732
87.0143
110.592
98.3632
95.2726
99.0492
74.5516
67.3527
95.658
109.577
93.9348
84.1341
85.2589
110.512
88.9213
95.8444
79.7254
94.7645
67.2928
65.1465
69.7061
76.998
99.2776
104.068
98.0862
100.81
107.28
79.3829
58.5494
79.1599
88.7738
104.499
110.686
84.6556
79.6652
84.0715
