0.131093
0.480781
0.496864
0.491293
0.764145
0.833339
0.232549
0.949621
0.414737
0.595273
0.678899
0.3603
0.290128
0.0045197
0.490466
0.200305
0.407456
0.977955
0.237982
0.808096
0.419028
0.732787
0.50121
0.82133
0.665732
0.185183
0.643961
0.283034
0.698745
0.931497
0.800835
0.244088
0.00968392
0.442421
0.0747402
0.113512
0.930819
0.287132
0.202108
0.835199
0.950812
0.402662
0.275187
0.888645
0.58146
0.423086
0.13195
0.576154
0.40435
0.0645859
0.926547
0.539599
0.72325
0.347111
0.197242
0.681422
0.00182496
0.733302
0.553146
0.898238
0.833345
0.932926
0.332423
0.287644
0.878972
0.399671
0.248026
0.79195
0.0367121
0.320313
0.965313
0.894349
0.0299731
0.938649
0.660275
0.796999
0.801879
0.283043
0.12685
0.0657506
0.191066
0.0827105
0.754248
0.617471
0.671868
0.810258
0.325934
0.0135241
0.744893
0.213374
0.824431
0.682866
0.34443
0.374501
0.312344
0.072073
0.321506
0.631985
0.129668
0.964608
0.303393
0.618338
0.558676
0.750639
0.612808
0.120325
0.296531
0.200223
0.246883
0.481602
0.406541
0.000714239
0.414226
0.282307
0.334042
0.683672
0.758372
0.112517
0.342732
0.572566
0.060788
0.369892
0.700573
0.531274
0.022948
0.258563
0.797866
0.851284
0.234295
0.0395604
0.368619
0.864924
0.903901
0.216693
0.192979
0.36062
0.584144
0.760069
0.244312
0.667745
0.363673
0.837547
0.698838
0.201966
0.726392
0.397888
0.61587
0.162067
0.0383948
0.524641
0.318222
0.0562153
0.963995
0.843631
0.52887
0.435588
0.756696
0.646983
0.453196
0.0177954
0.505717
0.410957
0.116054
0.698812
0.931164
0.292427
0.0773986
0.453063
0.0520284
0.138828
0.945571
0.995319
0.0447674
0.829058
0.997628
0.279318
0.363369
0.0586857
0.393888
0.406165
0.904768
0.313214
0.459524
0.546071
0.829501
0.950003
0.898274
0.79067
0.943073
0.385307
0.528881
0.966774
0.118214
0.100854
0.698615
0.888098
0.604691
0.928351
0.263165
0.0971055
0.69749
0.114542
0.339485
0.168192
0.78489
0.429189
0.677037
0.184971
0.397289
0.858996
0.770734
0.163258
0.35086
0.678668
0.901214
0.327761
0.20545
0.242561
0.358538
0.140481
0.0151093
0.174568
0.735737
0.463992
0.176761
0.617976
0.498695
0.880365
0.21555
0.349873
0.00675172
0.899305
0.675084
0.265731
0.810116
0.0156711
0.201145
0.539005
0.750127
0.520916
0.165475
0.588676
0.0788207
0.854968
0.222193
0.415956
0.26578
0.589947
0.426577
0.361663
0.221396
0.865858
0.580781
0.490752
0.513316
0.017677
0.363125
0.623167
0.541747
0.0252018
0.309629
0.134511
0.152597
0.329594
0.564215
0.570236
0.466107
0.057107
0.416467
0.518376
0.772124
0.100248
0.375081
0.123803
0.758663
0.174206
0.956338
0.797886
0.49361
0.502238
0.52842
0.668295
0.943769
0.313698
0.675604
0.85191
0.192897
0.75428
0.315894
0.837625
0.290625
0.0168668
0.609168
0.894049
0.0353547
0.676147
0.871241
0.119115
0.252406
0.039274
0.806356
0.314424
0.88818
0.262378
0.383523
0.477484
0.694236
0.498529
0.311101
0.181107
0.442509
0.172004
0.962319
0.16304
0.593008
0.867538
0.628507
0.932946
0.555016
0.298143
0.4363
0.361295
0.146959
0.403345
0.172588
0.92935
0.40168
0.129152
0.582367
0.3657
0.394022
0.665162
0.608898
0.687626
0.525664
0.442159
0.154684
0.510823
0.505363
0.619907
0.580979
0.834755
0.756747
0.980106
0.611193
0.190218
0.894163
0.459557
0.0409898
0.0280415
0.281516
0.155072
0.619812
0.901409
0.159559
0.661823
0.292587
0.357833
0.851541
0.493484
0.267303
0.409806
0.671811
0.0141719
0.898056
0.0355762
0.230983
0.492912
0.390903
0.804045
0.297136
0.290897
0.801905
0.491749
0.50564
0.795518
0.606099
0.427167
0.35929
0.023967
0.379562
0.360746
0.802144
0.0998235
0.41352
0.411195
0.43985
0.340562
0.632525
0.213596
0.299068
0.0302918
0.233724
0.817096
0.0302977
0.15372
0.42025
0.314406
0.150937
0.26336
0.340746
0.18778
0.366368
0.0872231
0.44427
0.122751
0.0916641
0.568872
0.443571
0.658694
0.998781
0.391827
0.68146
0.741726
0.0356631
0.067488
0.0992896
0.63873
0.78434
0.76718
0.101089
0.0202046
0.952928
0.927485
0.232493
0.473605
0.017523
0.442245
0.794221
0.557854
0.658602
0.928472
0.782554
0.434497
0.365075
0.0867596
0.0942307
0.432778
0.928093
0.804894
0.903743
0.836671
0.114734
0.127248
0.873648
0.0741632
0.525505
0.0487866
0.202709
0.0859596
0.00411785
0.823344
0.965238
0.336131
0.316234
0.899132
0.213677
0.97542
0.556926
0.0236263
0.574166
0.493997
0.623751
0.57421
0.683779
0.610097
0.420989
0.864925
0.623292
0.580468
0.386176
0.413755
0.26925
0.924793
0.676345
0.805018
0.2051
0.206813
0.469955
0.489271
0.927807
0.877866
0.461383
0.285862
0.701429
0.772849
0.705987
0.413759
0.633338
0.0535123
0.551255
0.0130009
0.676162
0.759635
0.827795
0.53618
0.0360931
0.585662
0.715104
0.306481
0.346177
0.620009
0.511843
0.441329
0.344913
0.0284955
0.777338
0.229621
0.29236
0.634718
0.146859
0.692429
0.017563
0.0417951
0.313007
0.234186
0.0851258
0.985593
0.792042
0.051563
0.811109
0.533732
0.818513
0.873996
0.667871
0.212335
0.0232678
0.992192
0.366288
0.209362
0.0162526
0.733732
0.666976
0.165718
0.0119413
0.178349
0.778203
0.310017
0.675427
0.0956707
0.278392
0.547583
0.232877
0.726699
0.540187
0.696944
0.961124
0.024316
0.0185881
0.13676
0.655615
0.49052
0.838549
0.331954
0.859932
0.48736
0.421525
0.840129
0.137831
0.30873
0.422947
0.638517
0.672714
0.851142
0.713573
0.779278
0.0100003
0.148479
0.180489
0.188632
0.913801
0.589749
0.604698
0.725793
0.517248
0.33639
0.101189
0.653997
0.210753
0.329119
0.596943
0.33198
0.867315
0.621412
0.53828
0.984383
0.959979
0.411004
0.630187
0.768869
0.12282
0.641321
0.538907
0.331812
0.560852
0.00634727
0.460362
0.579634
0.0715344
0.475286
0.549064
0.326027
0.0246491
0.433645
0.896729
0.784105
0.510106
0.356504
0.981226
0.924922
0.634458
0.745045
0.912534
0.528837
0.0847051
0.29175
0.973907
0.213011
0.118391
0.831447
0.687304
0.867236
0.946311
0.288813
0.169491
0.201676
0.490786
0.267581
0.839236
0.57554
0.998871
0.128121
0.489955
0.896844
0.314715
0.86901
0.462572
0.262981
0.445312
0.131469
0.699732
0.642926
0.644026
0.465255
0.0975584
0.418246
0.669405
0.178607
0.0107141
0.0262384
0.31425
0.706673
0.429532
0.44941
0.230732
0.301562
0.106531
0.426806
0.569091
0.817501
0.33886
0.22077
0.895515
0.546905
0.741511
0.644369
0.232877
0.0834097
0.904916
0.067586
0.177828
0.437779
0.504327
0.892561
0.769192
0.519152
0.104978
0.77849
0.823714
0.290361
0.427146
0.854642
0.602074
0.600382
0.242848
0.575391
0.0349893
0.843521
0.868173
0.424861
0.0185312
0.163429
0.592228
0.691975
3.51625e-05
0.145819
0.498778
0.221391
0.819766
0.577786
0.346309
0.754439
0.475612
0.410535
0.28601
0.949988
0.643379
0.0783205
0.727716
0.801908
0.746768
0.597337
0.0770733
0.221907
0.539956
0.707664
0.0319363
0.448983
0.281141
0.808241
0.76445
0.485301
0.954826
0.663988
0.452501
0.389205
0.789497
0.195909
0.0386476
0.316201
0.739414
0.975329
0.767682
0.165722
0.206057
0.973898
0.420132
0.433401
0.196486
0.328873
0.356134
0.894242
0.310234
0.291363
0.602832
0.450912
0.449721
0.572065
0.552867
0.413422
0.325592
0.18877
0.138655
0.562385
0.62044
0.872153
0.0571173
0.159085
0.852411
0.586584
0.145793
0.0637614
0.392927
0.771749
0.960165
0.911241
0.916949
0.275444
0.0331482
0.863604
0.554691
0.410199
0.97379
0.446644
0.753527
0.174222
0.199048
0.904968
0.0091235
0.994065
0.609043
0.044678
0.174819
0.701464
0.284479
0.728331
0.575415
0.194705
0.3802
0.740643
0.0312227
0.966034
0.839385
0.24202
0.614199
0.526956
0.590184
0.19805
0.311961
0.624427
0.195156
0.134742
0.147299
0.920124
0.891476
0.0803285
0.898565
0.675025
0.927247
0.264219
0.67607
0.630967
0.610441
0.842396
0.845638
0.163706
0.538941
0.786623
0.345225
0.368091
0.773231
0.9338
0.334329
0.760543
0.900586
0.753393
0.447651
0.998151
0.877831
0.507725
0.120684
0.43395
0.53821
0.395195
0.520612
0.486471
0.719541
0.863896
0.38405
0.996474
0.0812366
0.337195
0.444874
0.78818
0.996121
0.0185036
0.369989
0.125525
0.0510931
0.545482
0.0256643
0.250692
0.994013
0.990514
0.117629
0.572713
0.700828
0.891388
0.508002
0.714317
0.388521
0.621299
0.863177
0.667039
0.80042
0.838618
0.358835
0.905032
0.078492
0.00329836
0.419283
0.890043
0.103276
0.907521
0.434548
0.901921
0.0200277
0.883473
0.944261
0.255125
0.72651
0.251491
0.344769
0.431495
0.223916
0.728577
0.0356024
0.458598
0.830875
0.892402
0.42207
0.492118
0.437936
0.491848
0.00905931
0.286623
0.795831
0.905151
0.212011
0.343947
0.547877
0.504472
0.557513
0.560059
0.551028
0.115785
0.809117
0.213315
0.400069
0.330236
0.723147
0.978323
0.847559
0.683371
0.681768
0.155171
0.573395
0.868076
0.261921
0.583737
0.0306555
0.272658
0.852613
0.393205
0.610236
0.464742
0.0311307
0.209427
0.310081
0.392771
0.430989
0.114481
0.353449
0.308618
0.988811
0.196697
0.615286
0.87656
0.52997
0.133908
0.330471
0.915759
0.758027
0.871885
0.869451
0.405922
0.543066
0.0635657
0.575798
0.0905014
0.479594
0.758096
0.919893
0.450311
0.604188
0.62293
0.889564
0.345539
0.853519
0.26376
0.421849
0.978813
0.80942
0.508216
0.292612
0.400146
0.852477
0.637866
0.688487
0.830584
0.440244
0.802574
0.357426
0.0402713
0.579884
0.310778
0.89207
0.684116
0.995258
0.253585
0.169454
0.320518
0.140639
0.349921
0.0295021
0.152702
0.311048
0.870464
0.904825
0.815549
0.194363
0.651221
0.750069
0.651634
0.432789
0.200645
0.398146
0.38727
0.0689865
0.660022
0.484007
0.332092
0.181232
0.333847
0.618008
0.724154
0.926756
0.869319
0.307593
0.557344
0.555172
0.151496
0.668037
0.730389
0.495289
0.0784877
0.633774
0.108773
0.207076
0.59032
0.787753
0.695046
0.303028
0.4123
