243.079
237.32
244.653
240.363
237.05
224.743
241.443
245.077
245.116
244.624
228.854
244.906
243.793
234.389
237.527
245.181
243.724
224.561
240.463
226.451
234.375
234.49
240.669
226.179
232.409
229.905
227.955
231.035
241.907
237.32
234.323
236.679
240.06
242.673
245.091
236.294
243.375
231.654
227.104
225.369
243.355
240.727
244.994
245.146
231.826
228.909
227.262
234.057
242.912
235.147
227.546
245.169
227.853
224.679
229.023
232.452
224.159
240.352
235.199
245.219
236.242
236.21
243.75
231.594
230.971
224.071
242.4
231.497
240.05
235.324
245.022
235.941
237.409
245.215
240.491
242.216
238.344
244.272
232.848
245.007
244.743
234.026
223.991
229.34
226.922
226.102
232.779
224.378
240.798
225.419
232.091
234.934
223.994
234.749
244.556
242.511
232.63
233.065
228.931
232.993
243.221
230.199
239.381
224.158
243.532
228.111
235.564
225.325
228.201
245.02
228.491
242.494
226.364
224.452
226.474
228.649
224.761
229.518
238.787
224.004
226.701
244.885
245.161
244.83
234.39
226.087
235.266
238.891
245.067
225.23
230.595
243.151
244.927
244.159
238.113
234.711
244.554
224.277
245.198
226.125
225.175
230.047
241.079
243.005
233.345
231.55
245.112
239.243
226.398
236.349
244.917
236.416
237.324
245.034
239.428
224.838
241.062
235.385
245.168
242.251
240.392
240.724
238.502
227.008
240.281
227.119
244.27
224.933
231.171
230.251
224.586
244.969
236.407
232.046
242.274
235.276
239.047
243.242
226.963
233.558
228.357
237.907
224.206
235.495
236.859
233.155
235.381
235.806
225.61
233.507
228.879
237.248
242.388
227.207
231.039
243.84
232.706
239.907
234.513
242.727
224.845
242.942
241.069
244.073
245.043
239.704
245.218
232.99
232.911
227.851
224.962
245.219
241.813
241.244
240.953
229.895
242.712
239.724
234.514
228.052
244.288
224.696
224.395
224.04
228.91
234.838
226.131
227.641
242.268
243.13
229.402
245.097
234.329
242.105
237.025
236.294
225.067
231.148
233.088
243.705
245.085
241.661
231.59
238.762
239.56
244.027
235.361
238.155
244.647
240.608
224.012
240.174
241.393
232.245
231.557
242.024
237.442
224.476
242.599
232.084
240.824
244.398
245.219
224.053
231.896
236.161
243.264
237.737
238.243
240.029
226.533
245.16
245.213
237.956
244.077
233.209
234.801
228.456
244.78
225.981
230.922
226.62
239.207
232.248
238.817
243.515
228.079
224.048
227.218
225.952
239.529
235.914
226.514
223.989
236.963
244.504
239.973
230.368
236.406
236.603
244.191
225.147
240.018
243.53
225.516
237.83
244.779
239.99
227.481
241.224
231.027
243.589
242.88
224.656
228.068
230.15
239.554
226.344
242.193
244.575
228.058
224.115
241.42
232.511
238.311
239.053
242.301
224.116
241.686
225.93
236.509
234.594
235.834
237.678
241.962
226.991
241.217
239.497
240.926
224.103
240.438
232.77
243.991
242.132
244.722
224.328
223.989
243.203
224.274
224.547
236.949
243.502
229.698
239.61
236.369
241.536
236.852
240.679
225.833
229.807
244.829
243.193
244.285
245.199
228.995
224.424
225.328
226.734
235.78
239.248
239.928
241.929
223.989
228.927
240.406
227.631
239.89
227.776
245.219
230.4
225.029
244.543
228.066
245.116
225.241
241.769
232.372
240.941
242.202
233.762
238.316
236.213
236.211
225.195
224.022
245.022
232.14
227.044
227.229
230.615
232.641
232.654
244.784
230.487
224.428
244.659
224.402
225.36
237.563
236.277
224.352
245.095
225.885
228.759
239.509
235.946
230.495
226.26
226.174
244.527
228.854
227.09
244.738
244.715
225.432
238.908
227.484
243.215
244.18
243.509
244.676
231.077
238.677
228.79
231.41
227.957
244.937
224.075
227.102
242.056
243.555
242.784
237.238
233.745
240.185
229.438
226.15
240.034
227.928
244.962
225.047
238.505
228.276
245.17
229.587
244.701
237.202
240.563
239.437
235.06
227.325
231.898
240.545
224.959
228.662
238.072
224.875
231.05
235.964
234.683
238.979
245.217
240.886
223.994
244.37
243.101
242.554
244.9
241.803
244.1
243.526
245.199
232.76
245.204
224.016
224.86
236.141
243.761
243.4
244.767
225.2
225.316
227.699
244.722
240.868
230.359
245.209
244.713
235.424
236.872
245.076
238.643
238.978
234.787
230.357
238.073
240.494
244.555
227.948
244.933
231.355
241.285
234.943
241.185
237.092
244.195
231.937
239.331
229.044
235.93
237.571
224.549
243.496
240.661
227.07
231.771
231.325
234.712
232.284
244.913
238.172
237.29
234.176
245.002
244.801
237.902
239.857
244.595
245.174
224.077
229.546
224.094
225.33
244.152
238.764
242.839
243.564
236.835
240.039
239.929
235.189
224.493
243.883
226.449
225.486
242.556
244.752
224.411
241.755
244.621
226.879
233.414
228.523
240.764
224.782
241.987
245.188
226.828
224.034
243.91
245.046
240.056
235.919
226.597
244.461
240.173
243.072
240.318
230.459
228.171
224.367
237.521
242.698
224.548
245.107
224.551
229.996
245.195
244.437
225.305
233.096
229.615
241.385
238.916
229.244
228.791
225.806
241.809
241.46
244.131
236.344
242.018
245.208
236.981
239.536
242.886
242.481
237.273
245.166
231.793
233.186
229.768
245.219
237.988
244.156
241.987
244.187
238.457
241.02
230.835
234.612
224.027
226.778
224
224.238
241.548
241.897
245.209
238.821
233.137
223.99
224.501
244.13
243.189
232.429
245.117
224.034
231.561
243.251
224.032
244.938
238.332
229.255
227.397
244.746
240.364
224.691
244.806
244.087
229.603
231.108
226.403
226.428
240.012
245.098
230.23
230.137
235.671
234.404
245.04
228.802
237.513
232.45
238.584
241.978
244.02
235.03
233.202
232.352
228.35
237.39
244.139
244.805
225.407
241.829
233.972
242.079
243.704
242.568
232.595
232.54
245.197
229.374
244.081
242.671
228.43
230.534
229.096
229.591
225.095
240.539
244.991
244.889
231.075
235.378
236.667
240.832
231.803
241.013
245.206
244.763
225.936
244.481
236.085
234.047
234.289
241.824
244.221
244.875
237.943
228.193
226.952
242.092
232.071
244.747
233.75
238.353
234.309
242.869
231.058
239.822
245.121
225.184
232.65
235.95
245.088
238.938
241.69
235.9
230.482
236.177
239.256
243.193
244.272
244.181
238.237
224.101
234.921
236.66
232.676
234.014
241.342
245.209
232.782
242.178
245.004
227.741
224.513
224.168
243.111
240.615
245.218
228.485
224
244.922
224.535
237.55
228.53
244.039
224.611
226.463
243.141
228.008
243.112
242.004
224.472
235.478
225.371
225.211
238.591
224.63
230.608
234.719
235.954
227.841
225.013
239.684
242.826
224.002
233.293
232.946
226.878
240.894
232.453
238.3
239.617
245.159
232.626
240.999
232.307
224.028
232.861
226.659
233.222
236.988
243.296
239.362
226.476
243.289
244.862
228.925
240.282
226.24
229.452
225.734
242.324
237.609
240.671
244.145
240.428
227.75
244.696
230.986
237.495
244.207
225.796
244.085
227.052
240.534
232.763
244.488
232.027
240.817
244.396
225.751
244.858
242.151
242.794
237.199
224.071
237.999
233.021
245.188
245.205
241.118
232.718
241.178
237.339
232.915
244.561
237.759
238.396
224.178
242.926
240.213
238.028
244.404
236.161
244.983
224.047
224.822
235.182
225.435
245.146
238.846
241.971
243.272
224.098
236.957
245.012
224.728
230.625
231.16
225.496
224.966
229.161
232.915
227.205
223.992
244.612
244.537
245.155
233.904
244.546
233.271
227.824
229.929
238.148
225.852
234.14
243.577
223.989
245.218
228.347
243.881
235.638
244.355
240.894
225.811
227.843
245.155
238.691
244.13
238.676
244.892
239.355
236.246
242.802
223.989
236.678
225.047
242.524
242.098
245.218
238.937
237.809
233.591
229.109
229.465
224.024
224.343
243.071
224.009
244.012
224.139
229.413
237.778
236.585
224.157
224.602
244.937
244.885
233.939
224.545
236.323
244.74
226.376
242.939
224.224
229.591
244.543
243.514
244.969
240.057
223.988
224.212
231.723
231.622
244.931
226.34
241.964
225.356
225.154
226.246
228.085
236.019
233.778
243.007
229.1
236.091
225.245
244.809
242.217
243.928
244.064
232.767
225.455
226.848
228.654
240.691
231.78
243.849
227.17
243.741
234.632
237.79
236.161
239.02
224.802
244.706
245.219
243.095
241.6
230.028
224.001
244.205
242.577
239.624
241.921
229.782
224.355
235.017
245.144
224.332
235.218
232.279
224.333
241.364
239.333
235.692
225.376
226.332
232.331
245.219
245.177
232.894
245.147
241.062
224.289
242.844

