0.135477
0.835009
0.968868
0.221034
0.308167
0.547221
0.188382
0.992881
0.996461
0.967695
0.725839
0.98111
0.109862
0.798106
0.297029
0.00478348
0.112465
0.639763
0.878431
0.503663
0.797929
0.361294
0.211924
0.68136
0.398739
0.740647
0.474759
0.422088
0.173865
0.301913
0.79728
0.31655
0.872429
0.149114
0.994068
0.821903
0.125183
0.76375
0.490589
0.663606
0.125897
0.210209
0.0512164
0.0364413
0.408731
0.457989
0.487569
0.793975
0.920875
0.807531
0.705774
0.00281843
0.710704
0.643961
0.456033
0.773917
0.573755
0.876757
0.808175
0.0177739
0.821246
0.820841
0.940074
0.412667
0.423165
0.580957
0.158058
0.761731
0.230156
0.809735
0.988522
0.332448
0.299832
0.0135391
0.217238
0.907365
0.848468
0.955018
0.778898
0.98746
0.0675954
0.793598
0.594504
0.732799
0.695233
0.67982
0.39232
0.561557
0.208068
0.527371
0.404209
0.352762
0.592824
0.356345
0.964966
0.154438
0.394908
0.387296
0.726955
0.38857
0.927493
0.436118
0.862678
0.62036
0.119547
0.471957
0.34022
0.529842
0.716101
0.988379
0.720493
0.912577
0.505499
0.558269
0.50319
0.462474
0.546592
0.447584
0.854451
0.604231
0.498544
0.979926
0.0343173
0.977002
0.363186
0.67952
0.346233
0.855875
0.0450595
0.660119
0.749941
0.132996
0.982361
0.0953552
0.282673
0.802111
0.077557
0.627384
0.00809391
0.680287
0.533933
0.438667
0.199551
0.138001
0.382333
0.762421
0.0404711
0.252956
0.504771
0.822605
0.981723
0.823455
0.301827
0.0479443
0.247848
0.544056
0.887726
0.34384
0.0332686
0.162872
0.877364
0.210302
0.272753
0.492442
0.22342
0.490301
0.954943
0.651969
0.757504
0.435246
0.552881
0.0531526
0.322511
0.404981
0.908434
0.809137
0.258296
0.129847
0.493327
0.3785
0.71847
0.287805
0.623436
0.811874
0.312508
0.385711
0.34393
0.815769
0.669285
0.379419
0.458497
0.303614
0.910565
0.488618
0.75579
0.108062
0.39359
0.870187
0.360861
0.917118
0.543806
0.140144
0.199873
0.948925
0.99011
0.240076
0.0165206
0.388615
0.779689
0.476638
0.540138
0.0184508
0.900183
0.194495
0.885998
0.441223
0.147829
0.239502
0.799653
0.473015
0.0898232
0.644551
0.633064
0.584382
0.726654
0.354638
0.680407
0.707322
0.162329
0.133736
0.449556
0.0420541
0.797364
0.167556
0.831214
0.324964
0.65578
0.42019
0.781909
0.113193
0.993535
0.181573
0.762931
0.265921
0.244138
0.100738
0.344328
0.281627
0.96864
0.213773
0.605928
0.226551
0.189906
0.401571
0.413291
0.170152
0.299052
0.636469
0.151574
0.769243
0.883969
0.959222
0.0180663
0.582846
0.766854
0.327798
0.129066
0.291961
0.84711
0.230764
0.501974
0.0015979
0.0125388
0.286587
0.098699
0.384755
0.355349
0.719971
0.0654451
0.513859
0.423978
0.689801
0.253943
0.40152
0.264477
0.934251
0.472525
0.610916
0.488402
0.51452
0.245019
0.333005
0.502362
0.596058
0.310156
0.962998
0.2324
0.746904
0.322533
0.318232
0.952472
0.534721
0.871805
0.934603
0.667114
0.289689
0.0655245
0.231889
0.704724
0.195107
0.422218
0.936055
0.142217
0.643181
0.472732
0.436933
0.24432
0.505919
0.906944
0.076504
0.713904
0.617205
0.189084
0.396982
0.277664
0.858099
0.908937
0.617279
0.180819
0.515024
0.824632
0.359324
0.816117
0.293388
0.172118
0.49279
0.195325
0.864307
0.204197
0.616272
0.878051
0.392469
0.946577
0.166698
0.971877
0.563965
0.598369
0.131222
0.566777
0.55438
0.31049
0.120649
0.737791
0.242724
0.822859
0.185476
0.312677
0.881725
0.674213
0.739298
0.0625432
0.131562
0.0899529
0.00831445
0.45651
0.634303
0.529763
0.497869
0.335798
0.252823
0.233675
0.173163
0.595981
0.726893
0.877573
0.70716
0.234766
0.477996
0.0182118
0.747331
0.654724
0.0780669
0.472769
0.996475
0.532098
0.899436
0.772901
0.20376
0.907109
0.374813
0.848089
0.326699
0.326737
0.659211
0.586765
0.0489832
0.769966
0.491752
0.488184
0.429127
0.394728
0.776454
0.974754
0.748505
0.634502
0.0721803
0.633363
0.528921
0.296168
0.325328
0.63112
0.994505
0.516048
0.724454
0.245575
0.332339
0.748609
0.682966
0.681271
0.0788424
0.458936
0.698147
0.0678848
0.0691401
0.527043
0.262049
0.483375
0.130805
0.0944408
0.120382
0.969837
0.756282
0.268176
0.724906
0.415763
0.474718
0.0554414
0.613744
0.490619
0.904475
0.935214
0.918277
0.303825
0.790102
0.226227
0.448952
0.510109
0.230632
0.711881
0.984453
0.655213
0.272667
0.469016
0.00300121
0.446424
0.970944
0.304664
0.215109
0.247585
0.806451
0.486371
0.407502
0.215629
0.540252
0.723024
0.283694
0.542862
0.755925
0.331977
0.801763
0.857072
0.0148917
0.884943
0.593087
0.0862172
0.924876
0.91372
0.980757
0.900022
0.949715
0.934522
0.00832427
0.777794
0.0259589
0.587877
0.649781
0.328236
0.111079
0.124273
0.973915
0.533229
0.6623
0.708258
0.0687386
0.205956
0.43343
0.0111926
0.0692625
0.343062
0.31223
0.992743
0.269064
0.857066
0.355611
0.746768
0.844856
0.217139
0.964952
0.712193
0.982668
0.759899
0.19326
0.35259
0.1963
0.832068
0.952595
0.76737
0.861969
0.455664
0.332684
0.83826
0.554309
0.120866
0.212184
0.491239
0.409655
0.759511
0.357064
0.771786
0.98154
0.846162
0.834622
0.367194
0.0506259
0.975562
0.842589
0.86946
0.0754984
0.0323761
0.613932
0.73568
0.615528
0.66263
0.951264
0.265888
0.919386
0.118397
0.313066
0.872115
0.233644
0.808058
0.556532
0.943592
0.503703
0.666417
0.152966
0.973229
0.633767
0.17865
0.0741428
0.494975
0.78598
0.46468
0.883032
0.647369
0.903241
0.00597361
0.693562
0.58509
0.105361
0.99032
0.229992
0.332908
0.689383
0.961421
0.226599
0.924241
0.876246
0.431745
0.470887
0.562102
0.837615
0.148309
0.639278
0.995594
0.639394
0.439518
0.0283883
0.0831509
0.530367
0.782002
0.736645
0.190161
0.261827
0.452245
0.460027
0.673637
0.176953
0.187831
0.0964868
0.323875
0.170326
0.0247341
0.830643
0.244828
0.142035
0.155442
0.303011
0.0335723
0.409289
0.783124
0.443372
0.0174882
0.285784
0.951397
0.171315
0.0941498
0.273912
0.201364
0.753116
0.800879
0.586084
0.496995
0.590973
0.568792
0.185098
0.901657
0.0244621
0.264376
0.782515
0.599702
0.556215
0.0965327
0.926787
0.398391
0.0399029
0.585117
0.413215
0.129533
0.608939
0.0554064
0.848296
0.452064
0.485014
0.0674469
0.221006
0.644365
0.975832
0.949342
0.736472
0.420854
0.685734
0.686216
0.231266
0.994775
0.435593
0.743793
0.338051
0.362916
0.989883
0.725078
0.837507
0.398035
0.851696
0.171603
0.947394
0.350897
0.384879
0.39973
0.718366
0.835918
0.950874
0.0639815
0.664526
0.176312
0.370958
0.1684
0.113203
0.152573
0.395517
0.396475
0.0279645
0.450032
0.0985438
0.916018
0.466317
0.749129
0.729329
0.736307
0.656548
0.215803
0.0514926
0.0586985
0.421407
0.81041
0.316819
0.884092
0.409108
0.201567
0.0254997
0.0664404
0.676397
0.0810755
0.329412
0.36958
0.796857
0.176485
0.0927104
0.0596145
0.286907
0.715986
0.493542
0.905125
0.404553
0.0673763
0.375025
0.848579
0.364708
0.142611
0.4217
0.868963
0.997041
0.533692
0.394566
0.332266
0.0430318
0.856515
0.180693
0.333316
0.431364
0.327461
0.25259
0.131565
0.0905217
0.952143
0.279544
0.578159
0.35301
0.316962
0.77674
0.37018
0.191486
0.0110246
0.392274
0.906673
0.987283
0.708923
0.637953
0.621055
0.925095
0.880748
0.0194523
0.720405
0.591077
0.0565112
0.638778
0.296472
0.46456
0.947933
0.551932
0.50341
0.133336
0.713125
0.9251
0.903549
0.636292
0.341969
0.663653
0.65961
0.270438
0.64228
0.429254
0.802213
0.332184
0.710507
0.654278
0.240655
0.919117
0.603837
0.383245
0.780125
0.495005
0.885061
0.397988
0.277938
0.242526
0.00149129
0.394987
0.201997
0.772075
0.608457
0.779057
0.499392
0.384511
0.830731
0.127957
0.249665
0.503153
0.128211
0.978687
0.726869
0.223399
0.682577
0.448708
0.672059
0.909366
0.838762
0.211889
0.95107
0.877892
0.70907
0.970713
0.422909
0.837276
0.0933193
0.673427
0.0983706
0.697492
0.215951
0.77783
0.0807366
0.405301
0.20749
0.0850327
0.519183
0.978487
0.16609
0.918474
0.304752
0.580889
0.843878
0.388072
0.00601354
0.00991982
0.198373
0.393382
0.196521
0.835258
0.779739
0.0772034
0.29142
0.27548
0.621706
0.921171
0.225418
0.284796
0.0846338
0.327797
0.0520988
0.610884
0.544573
0.347904
0.526967
0.999861
0.855249
0.902963
0.128805
0.615818
0.830342
0.987831
0.645619
0.750332
0.757372
0.666644
0.540028
0.730255
0.779742
0.488647
0.593759
0.967173
0.0783777
0.0351691
0.372211
0.0779134
0.784187
0.47712
0.440652
0.281793
0.516805
0.367861
0.117891
0.598625
0.0165827
0.467777
0.106508
0.338729
0.086892
0.205158
0.517779
0.476779
0.0351902
0.853139
0.950614
0.852935
0.9803
0.862307
0.821307
0.918624
0.598232
0.826774
0.537606
0.913139
0.167782
0.0188886
0.8565
0.841377
0.788187
0.729519
0.734547
0.586463
0.56323
0.924233
0.605237
0.101322
0.619015
0.73382
0.290964
0.318625
0.573893
0.641264
0.0554217
0.979915
0.792517
0.63918
0.324326
0.972679
0.505235
0.921443
0.569612
0.446347
0.964465
0.120197
0.984924
0.22997
0.596996
0.570348
0.764644
0.412183
0.0558848
0.506002
0.172041
0.529026
0.534517
0.682685
0.472428
0.330814
0.374515
0.137926
0.72939
0.329299
0.660507
0.0637436
0.907386
0.104658
0.0992514
0.39252
0.665669
0.495598
0.462392
0.211286
0.409503
0.107725
0.489321
0.111823
0.358599
0.290662
0.327804
0.259029
0.545207
0.0696318
0.0173415
0.134919
0.89654
0.742323
0.603663
0.952885
0.914163
0.242351
0.902068
0.443134
0.562682
0.351137
0.0366781
0.563783
0.347189
0.771722
0.630189
0.892609
0.861994
0.337612
0.663782
0.684361
0.400081
0.0183921
0.004086
0.390299
0.999942
0.200065
0.628043
0.919483
