0.135477
0.835009
0.968868
0.221034
0.308167
0.547221
0.188382
0.992881
0.996461
0.967695
0.725839
0.98111
0.109862
0.798106
0.297029
0.00478348
0.112465
0.639763
0.878431
0.503663
0.797929
0.361294
0.211924
0.68136
0.398739
0.740647
0.474759
0.422088
0.173865
0.301913
0.79728
0.31655
0.872429
0.149114
0.994068
0.821903
0.125183
0.76375
0.490589
0.663606
0.125897
0.210209
0.0512164
0.0364413
0.408731
0.457989
0.487569
0.793975
0.920875
0.807531
0.705774
0.00281843
0.710704
0.643961
0.456033
0.773917
0.573755
0.876757
0.808175
0.0177739
0.821246
0.820841
0.940074
0.412667
0.423165
0.580957
0.158058
0.761731
0.230156
0.809735
0.988522
0.332448
0.299832
0.0135391
0.217238
0.907365
0.848468
0.955018
0.778898
0.98746
0.0675954
0.793598
0.594504
0.732799
0.695233
0.67982
0.39232
0.561557
0.208068
0.527371
0.404209
0.352762
0.592824
0.356345
0.964966
0.154438
0.394908
0.387296
0.726955
0.38857
