0.148495
0.924723
0.800248
0.460293
0.400704
0.24842
0.647772
0.550748
0.409753
0.329922
0.311962
0.599319
0.503567
0.725085
0.479715
0.0297593
0.242617
0.482844
0.0539514
0.654073
0.319328
0.331396
0.218904
0.761804
0.741576
0.357063
0.358093
0.0490157
0.389966
0.871682
0.250317
0.204929
0.640014
0.29835
0.656453
0.443854
0.661871
0.432611
0.792816
0.87262
0.981281
0.994691
0.291712
0.562823
0.154965
0.485654
0.208526
0.896337
0.638683
0.591133
0.208461
0.863452
0.251051
0.876352
0.653213
0.187987
0.738778
0.552264
0.388231
0.0266708
0.557949
0.851833
0.0108256
0.094647
0.101772
0.186602
0.109222
0.743785
0.197982
0.276481
0.420238
0.474327
0.835028
0.779925
0.291474
0.195162
0.744214
0.0012335
0.16304
0.0215954
0.102241
0.655711
0.545192
0.462884
0.639647
0.279848
0.951755
0.337782
0.678423
0.948985
0.217953
0.429871
0.679574
0.201222
0.92726
0.600567
0.659129
0.320603
0.121452
0.363585
0.138998
0.614671
0.516195
0.166143
0.260245
0.809383
0.0642851
0.159144
0.111305
0.748428
0.345372
0.825453
0.0643412
0.934871
0.571291
0.357889
0.591954
0.985633
0.706827
0.0511659
0.0502909
0.981003
0.102863
0.287602
0.668775
0.110235
0.795407
0.0985773
0.602759
0.709437
0.781475
0.320027
0.589614
0.299012
0.0355206
0.607553
0.317562
0.102561
0.0251801
0.864033
0.0811023
0.299471
0.758308
0.532398
0.501421
0.501665
0.664437
0.0232739
0.430937
0.550581
0.883424
0.332398
0.78059
0.657438
0.282743
0.129443
0.862107
0.402905
0.340377
0.192238
0.239157
0.793923
0.114139
0.406914
0.783538
0.833439
0.926535
0.837382
0.767509
0.330128
0.7024
0.546103
0.886355
0.282104
0.8561
0.512337
0.428975
0.579212
0.612687
0.34903
0.954512
0.433575
0.318532
0.201253
0.821482
0.0653404
0.69594
0.258226
0.492587
0.207381
0.576148
0.778498
0.116443
0.673312
0.219527
0.288702
0.0208513
0.360412
0.65234
0.0504005
0.845924
0.700301
0.663187
0.0629256
0.467479
0.416872
0.626921
0.106238
0.54033
0.398779
0.563026
0.728322
0.605621
0.237944
0.0191528
0.585536
0.106631
0.489738
0.823866
0.0747635
0.878185
0.261036
0.97191
0.0950476
0.702614
0.166641
0.263348
0.430297
0.532527
0.700229
0.270471
0.0714181
0.840161
0.0977536
0.304768
0.876305
0.688177
0.0275075
0.378974
0.571033
0.834036
0.827068
0.473274
0.278742
0.258839
0.771974
0.731492
0.754208
0.961427
0.8787
0.429419
0.744796
0.308906
0.360529
0.237429
0.153432
0.150021
0.106753
0.758558
0.738856
0.215515
0.388728
0.895837
0.564949
0.374227
0.139091
0.727294
0.0237464
0.954249
0.787088
0.493485
0.479508
0.0928748
0.909019
0.023689
0.0625071
0.878274
0.289583
0.70206
0.10912
0.441623
0.045453
0.382174
0.548886
0.0554707
0.469733
0.621011
0.554256
0.347252
0.454115
0.0241684
0.694618
0.820471
0.459491
0.934406
0.599296
0.961183
0.600004
0.168968
0.789374
0.319643
0.0903729
0.306721
0.738178
0.920122
0.250871
0.169467
0.853348
0.32243
0.014676
0.868318
0.764087
0.055088
0.00212297
0.572106
0.998309
0.951342
0.540555
0.246015
0.665046
0.283518
0.46611
0.906438
0.0338434
0.863896
0.872936
0.473148
0.189215
0.817431
0.297143
0.768604
0.979099
0.786938
0.0840167
0.254178
0.713529
0.328716
0.627787
0.933066
0.623407
0.318752
0.624657
0.169029
0.78048
0.931651
0.857246
0.667556
0.656247
0.587142
0.411971
0.0361574
0.00235159
0.516586
0.164182
0.28037
0.357071
0.675742
0.176652
0.594769
0.632878
0.362162
0.106605
0.987746
0.281675
0.592343
0.128027
0.285054
0.817891
0.915556
0.225685
0.932535
0.220342
0.870002
0.904705
0.394113
0.799938
0.951425
0.298613
0.710408
0.815443
0.16865
0.187764
0.784348
0.200245
0.346495
0.246277
0.930378
0.436649
0.574165
0.341586
0.390559
0.200047
0.453913
0.00611432
0.558536
0.0442791
0.70954
0.950439
0.87381
0.548458
0.824297
0.547715
0.496543
0.444532
0.969545
0.962675
0.547636
0.248611
0.517056
0.239517
0.353534
0.044314
0.073567
0.047099
0.411822
0.64831
0.454933
0.183567
0.33633
0.608729
0.548864
0.101238
0.601629
0.475574
0.769213
0.989038
0.713678
0.442685
0.906923
0.308349
0.560569
0.362035
0.770778
0.0843928
0.171488
0.978104
0.910698
0.846516
0.131036
0.203075
0.871179
0.635074
0.692017
0.430636
0.549874
0.312218
0.131447
0.292565
0.632496
0.421916
0.0949502
0.526504
0.592554
0.220472
0.41701
0.0509345
0.637554
0.56667
0.492267
0.709187
0.58503
0.273939
0.683185
0.676952
0.0574922
0.63105
0.0910057
0.582473
0.274297
0.680482
0.724657
0.353102
0.0587814
0.273215
0.306907
0.315524
0.876919
0.345221
0.558022
0.0729984
0.579796
0.525206
0.630844
0.466965
0.372116
0.709422
0.507796
0.690097
0.255241
0.297275
0.762278
0.201119
0.366852
0.0603151
0.626616
0.775307
0.675464
0.773447
0.447075
0.0567731
0.206225
0.105757
0.204811
0.58382
0.922897
0.25125
0.0273482
0.183227
0.260049
0.273977
0.909333
0.171021
0.447614
0.134263
0.239338
0.758136
0.423389
0.67298
0.547636
0.586506
0.168457
0.64674
0.313035
0.191142
0.189652
0.818565
0.592399
0.427519
0.774154
0.26732
0.414276
0.612782
0.515409
0.882294
0.33046
0.518256
0.415044
0.204525
0.166612
0.259948
0.587344
0.713684
0.208771
0.277712
0.0290556
0.0534015
0.59779
0.392608
0.262037
0.329348
0.0545367
0.793548
0.323137
0.567973
0.442228
0.419773
0.0422937
0.423332
0.127764
0.757843
0.123409
0.896865
0.708835
0.440639
0.412638
0.273836
0.582457
0.695506
0.484869
0.30353
0.237468
0.864761
0.969834
0.620921
0.0308891
0.33889
0.290417
0.830995
0.893774
0.945689
0.391327
0.0553694
0.214764
0.0294244
0.0727518
0.579518
0.157741
0.933946
0.853765
0.70676
0.502808
0.58357
0.624611
0.35375
0.607993
0.388531
0.834908
0.552163
0.111152
0.636718
0.0505495
0.481407
0.296656
0.226111
0.45764
0.801693
0.335776
0.366534
0.22707
0.370176
0.12907
0.0595919
0.652092
0.664292
0.0973006
0.945505
0.782083
0.196735
0.88889
0.59468
0.615611
0.692142
0.728092
0.920434
0.531903
0.684479
0.266797
0.77721
0.60402
0.340766
0.169287
0.172546
0.925786
0.197308
0.0774582
0.272869
0.135703
0.376627
0.765641
0.436334
0.797763
0.603191
0.984254
0.85845
0.687312
0.806053
0.741185
0.98287
0.105589
0.453092
0.615627
0.749704
0.888786
0.722354
0.191954
0.965386
0.453508
0.768269
0.449727
0.208996
0.956101
0.266382
0.636537
0.0274366
0.549493
0.112236
0.854693
0.609661
0.835636
0.713248
0.896906
0.588095
0.480961
0.582395
0.650329
0.874449
0.925567
0.394596
0.361961
0.0244215
0.907984
0.836091
0.832909
0.178785
0.727217
0.126457
0.424745
0.146214
0.430823
0.28073
0.106719
0.595426
0.831274
0.149774
0.476322
0.952518
0.524572
0.814247
0.389182
0.118006
0.406769
0.745121
0.898159
0.247206
0.509399
0.310057
0.403354
0.146937
0.584798
0.0260968
0.991078
0.16355
0.838086
0.0807786
0.895415
0.508452
0.249263
0.983952
0.0353419
0.300585
0.152855
0.828213
0.716764
0.196881
0.784025
0.328534
0.50295
0.212993
0.776911
0.117181
0.831593
0.376398
0.699771
0.106301
0.20894
0.132712
0.582495
0.924328
0.744828
0.922424
0.726836
0.866018
0.912693
0.696624
0.801141
0.108343
0.745938
0.409663
0.369788
0.320395
0.362616
0.763756
0.841207
0.785554
0.158083
0.667935
0.407201
0.819335
0.0294235
0.252308
0.0595885
0.645381
0.792827
0.185556
0.416504
0.000802822
0.94487
0.696548
0.776736
0.597444
0.542036
0.493532
0.0823491
0.791262
0.223067
0.0755331
0.985217
0.0230366
0.394104
0.397768
0.526818
0.817763
0.148894
0.0942694
0.602959
0.408901
0.174326
0.0859468
0.209344
0.978972
0.286127
0.578526
0.779111
0.808379
0.597595
0.823935
0.544746
0.225299
0.37595
0.338869
0.304505
0.323274
0.292852
0.29515
0.85335
0.316608
0.804554
0.0642035
0.109447
0.906718
0.92572
0.0269323
0.810547
0.174379
0.915824
0.608387
0.520938
0.759463
0.128974
0.57844
0.416595
0.312613
0.139001
0.136227
0.0832573
0.125389
0.281898
0.772829
0.999688
0.822059
0.398863
0.806496
0.141547
0.031443
0.190737
0.554724
0.818405
0.988133
0.194211
0.0404863
0.0133235
0.606002
0.995062
0.574673
0.522244
0.785309
0.703289
0.00327059
0.973036
0.0372112
0.0689023
0.790538
0.894464
0.192009
0.00367108
0.969294
0.683706
0.435951
0.400444
0.0255686
0.668935
0.148485
0.0371598
0.00811634
0.085139
0.338711
0.106349
0.155274
0.252214
0.0869134
0.639
0.131788
0.987406
0.211364
0.0207926
0.778092
0.505216
0.645948
0.89758
0.691259
0.346901
0.599008
0.0673077
0.740116
0.764932
0.87272
0.945939
0.404006
0.265712
0.633018
0.86225
0.517157
0.802727
0.101067
0.20884
0.919391
0.277031
0.671098
0.0805932
0.757058
0.509629
0.675697
0.382972
0.768356
0.319018
0.651388
0.35037
0.717918
0.977682
0.614783
0.0528327
0.563904
0.81468
0.493426
0.758595
0.693669
0.1189
0.646375
0.829526
0.730061
0.762677
0.231536
0.517577
0.753598
0.703001
0.294697
0.463667
0.615715
0.832422
0.277274
0.263952
0.388396
0.589084
0.0345481
0.4151
0.378719
0.832702
0.639208
0.25611
0.627695
0.435925
0.0918763
0.693832
0.206864
0.646719
0.310043
0.347013
0.727539
0.553636
0.254633
0.906374
0.0971056
0.992299
0.744434
0.277129
0.459526
0.524658
0.266321
0.611307
0.747922
0.920564
0.840354
0.938964
0.889956
0.343687
0.14706
0.125816
0.257086
0.453628
0.730356
0.135906
0.0114672
0.880643
0.26711
0.706701
0.814421
0.685562
0.584985
0.751129
0.575409
0.309179
0.0864382
0.276358
0.82679
0.57709
0.535184
0.833383
0.011594
0.43301
0.426248
0.263542
0.0560025
0.714999
0.410718
0.292939
0.911281
0.965777
0.232339
0.276931
0.164511
0.993092
0.2602
0.890063
0.867791
0.0721082
0.487732
0.168318
0.577121
0.653445
0.336033
0.308518
0.474046
0.351291
0.513332
0.611411
0.870514
0.787892
0.615656
0.973651
0.897595
0.968876
0.0817568
0.0535691
0.318071
0.719933
0.444555
0.922869
0.0558134
0.978704
0.912466
0.579802
0.781735
0.180871
0.31038
0.023489
0.0352996
0.29232
0.148893
0.751947
0.949127
0.781495
0.775469
0.100575
0.10323
0.0550213
0.945985
0.898462
0.756134
0.424326
0.615098
0.495375
0.87347
0.0971967
0.639078
0.961911
0.747188
0.840802
0.632979
0.464683
0.162951
0.189708
0.400922
0.163948
0.395082
0.377293
0.306599
0.0930333
0.966876
0.173893
0.732163
0.0726345
0.98723
0.867633
0.927518
0.879739
0.800724
0.958181
0.738945
0.733561
0.213514
0.154491
0.00166426
0.715838
0.631186
0.447317
0.365873
0.882583
0.706133
0.584229
0.663593
0.587775
0.317934
0.431493
0.0755529
0.323923
0.555869
0.0844605
0.63017
0.691874
0.494907
0.906442
0.765489
0.603059
0.658722
0.806349
0.168484
0.698827
0.73848
0.881828
0.126906
0.183675
0.28873
0.802895
0.253579
0.426885
0.275977
0.0535
0.92988
0.33016
0.923582
0.0812932
0.916982
0.780863
0.85029
0.263165
0.3773
0.231348
0.595023
0.822934
0.328773
0.573397
0.0497556
0.453192
0.618216
0.28127
0.222474
0.0418786
0.748941
0.833931
0.565192
0.603112
0.789294
0.427832
0.594799
0.519271
0.0936044
0.0330317
0.386268
0.671128
0.235967
0.0838169
0.544628
0.419852
0.140821
0.589934
0.434287
0.761742
0.166623
0.0624046
0.0915762
0.294007
0.63479
0.0296873
0.192442
0.362945
0.439654
0.0102004
0.994395
0.756027
0.310748
0.652914
0.797196
0.320556
0.920249
0.824883
0.0341182
0.163511
0.979757
0.799871
0.543677
0.751847
0.797705
0.697871
0.182052
0.130266
0.480047
0.390526
0.802009
0.256456
0.598297
0.454803
0.992476
0.676119
0.320038
0.117205
0.265064
0.00253077
0.249976
0.690071
0.707031
0.605278
0.53832
0.517617
0.234727
0.320954
0.0296573
0.0816867
0.0605861
0.0351266
0.467819
0.433242
0.50619
0.0904271
0.583788
0.779554
0.164802
0.690535
0.7666
0.966148
0.112298
0.701004
0.316095
0.596659
0.116427
0.156209
0.196432
0.0327818
0.051423
0.899679
0.851745
0.22367
0.848981
0.982405
0.181182
0.407273
0.751723
0.592145
0.140193
0.328887
0.368875
0.611392
0.630453
0.605728
0.188661
0.634562
0.401521
0.0159764
0.316259
0.773784
0.722553
0.271486
0.960759
0.357759
0.138414
0.972978
0.416939
0.887955
0.475858
0.842322
0.764355
0.230048
0.378588
0.791965
0.138916
0.36146
0.868524
0.220737
0.442799
0.971633
0.511154
0.0195402
0.0103235
0.599352
0.901955
0.386383
0.114075
0.592159
0.580507
0.329547
0.944936
0.641965
0.710068
0.543251
0.0206298
0.397972
0.980252
0.941994
0.746761
0.272081
0.668726
0.723993
0.718746
0.235372
0.783062
0.776592
0.273178
0.190343
0.424714
0.638412
0.369696
0.276344
0.178352
0.904453
0.464355
0.553398
0.822218
0.555742
0.156094
0.425813
0.212865
0.621997
0.201929
0.650247
0.853684
0.530476
0.713845
0.75609
0.0210468
0.135168
0.413572
0.305844
0.645989
0.41365
0.542885
0.845053
0.138732
0.649387
0.912185
0.309133
0.357821
0.65705
0.226613
0.336725
0.570791
0.385363
0.795483
0.293622
0.631417
0.318162
0.496014
0.0420228
0.987479
0.412455
0.517554
0.930697
0.808334
0.675244
0.167406
0.11841
0.32006
0.588563
0.441322
0.283271
0.61459
0.786233
0.643446
0.00638633
0.754842
0.879282
0.128535
0.682546
0.287453
0.134758
0.397746
0.273989
0.921815
0.920338
0.707937
0.280596
0.528342
0.659141
0.204259
0.909254
0.405763
0.0641201
0.511987
0.434289
0.032624
0.0335319
0.658814
0.0655999
0.0206768
0.444605
0.781678
0.0407784
0.45042
0.192599
0.0336272
0.371984
0.745436
0.622129
0.142833
0.0659889
0.540671
0.485375
0.867051
0.180892
0.354706
0.159956
0.745136
0.0385126
0.469471
0.154655
0.488583
0.684985
0.939177
0.137991
0.933148
0.605208
0.111525
0.790427
0.713579
0.289551
0.283377
0.509437
0.084583
0.249074
0.345056
0.752066
0.832681
0.219942
0.92521
0.449191
0.163461
0.326792
0.703138
0.486487
0.740081
0.288264
0.984792
0.278327
0.651121
0.516301
0.268395
0.302285
0.805004
0.684794
0.929627
0.474839
0.430136
0.212675
0.124954
0.440125
0.701909
0.794628
0.328635
0.734924
0.471422
0.569164
0.584645
0.292677
0.0609433
0.201661
0.774001
0.338222
0.155924
0.786226
0.621576
0.735612
0.420346
0.783127
0.63527
0.579981
0.997187
0.0178195
0.469142
0.0444899
0.758782
0.00341931
0.611986
0.271173
0.16687
0.364528
0.870251
0.514062
0.916352
0.537117
0.242042
0.533516
0.132234
0.464317
0.412206
0.457121
0.219175
0.813807
0.154466
0.602436
0.753317
0.63
0.432047
0.442225
0.723286
0.525432
0.0320181
0.0403431
0.331482
0.853863
0.494075
0.506396
0.752863
0.623065
0.873734
0.575465
0.288606
0.282295
0.442351
0.0931167
0.998667
0.326223
0.644464
0.125867
0.328851
0.834741
0.545853
0.966636
0.713431
0.494939
0.442337
0.487563
0.105627
0.527165
0.685478
0.0294658
0.393983
0.83234
0.392835
0.439329
0.37453
0.564668
0.0895107
0.0163029
0.615535
0.934224
0.830949
0.0449955
0.205446
0.206612
0.369901
0.88539
0.198015
0.200254
0.353467
0.311966
0.20278
0.561066
0.82175
0.573735
0.853901
0.398735
0.204728
0.494101
0.747862
0.420874
0.463244
0.510942
0.231989
0.305103
0.406856
0.949852
0.577088
0.613602
0.17268
0.490705
0.878481
0.44601
0.838472
0.0175609
0.263271
0.966265
0.869621
0.812539
0.0972482
0.617346
0.828
0.211029
0.342702
0.0911966
0.305444
0.597425
0.816698
0.931899
0.752204
0.472577
0.247251
0.501893
0.872006
0.643853
0.64899
0.79173
0.347645
0.522249
0.295926
0.216279
0.517448
0.505853
0.759885
0.142128
0.68978
0.211132
0.357723
0.704289
0.413439
0.720342
0.998581
0.46308
0.256536
0.630709
0.339416
0.389781
0.678306
0.962596
0.00335395
0.906071
0.382005
0.00498977
0.723166
0.493744
0.790123
0.514346
0.932848
0.0802152
0.662263
0.616871
0.177675
0.715609
0.309231
0.644431
0.271104
0.920695
0.950416
0.649453
0.868327
0.897051
0.742274
0.477341
0.359506
0.251427
0.569369
0.0423065
0.460087
0.946249
0.780537
0.814742
0.507926
0.451383
0.715378
0.260948
0.437277
0.175826
0.679536
0.599381
0.0494331
0.553766
0.694655
0.954785
0.426752
0.634366
0.519086
0.375647
0.143568
0.112787
0.809195
0.204475
0.621188
0.560438
0.725818
0.196444
0.256325
0.25368
0.707353
0.884149
0.239668
0.94597
0.644538
0.448156
0.0125966
0.663203
0.585109
0.229508
0.931532
0.222735
0.869939
0.900785
0.828707
0.304361
0.35889
0.585776
0.225798
0.636921
0.487019
0.425639
0.449101
0.2578
0.875261
0.905975
0.000237243
0.0235156
0.744871
0.520704
0.454566
0.837488
0.794348
0.336796
0.622948
0.587475
0.269849
0.64617
0.738193
0.451456
0.377924
0.717107
0.303781
0.0169533
0.337576
0.075613
0.870261
0.228003
0.538272
0.672994
0.470651
0.688279
0.623661
0.871408
0.627834
0.374847
0.334115
0.687592
0.578552
0.188614
0.561393
0.784175
0.451891
0.299749
0.040855
0.413689
0.812696
0.778288
0.731842
0.408457
0.459322
0.649276
0.166573
0.820687
0.108359
0.0123072
0.547129
0.899406
0.258584
0.266499
0.259158
0.637474
0.526678
0.459898
0.687076
0.642844
0.944745
0.341059
0.643125
0.622768
0.349229
0.759844
0.26013
0.461887
0.563229
0.421213
0.29554
0.810619
0.569936
0.41446
0.0388958
0.405145
0.739209
0.577239
0.471457
0.689123
0.562348
0.361464
0.802726
0.842704
0.144598
0.394701
0.652865
0.771413
0.613766
0.953657
0.396534
0.967478
0.954668
0.82694
0.360791
0.722388
0.180998
0.351428
0.932456
0.169354
0.703865
0.781409
0.450304
0.237979
0.706159
0.714033
0.788347
0.674373
0.60468
0.234819
0.650168
0.701246
0.214681
0.232666
0.783387
0.588774
0.30479
0.353867
0.0138368
0.218928
0.431044
0.630983
0.23706
0.253801
0.863469
0.679958
0.109833
0.0727083
0.322826
0.103646
0.721485
0.512648
0.0369749
0.874888
0.370646
0.51787
0.708242
0.854189
0.236143
0.487149
0.819048
0.469873
0.353778
0.338555
0.341942
0.279936
0.785197
0.956536
0.754944
0.866263
0.95274
0.545052
0.320148
0.493477
0.404255
0.596924
0.812461
0.68236
0.523609
0.731225
0.947515
0.372752
0.504289
0.121245
0.848394
0.674249
0.226049
0.418014
0.0348858
0.685264
0.870911
0.660886
0.932893
0.619414
0.89186
0.547262
0.822374
0.282718
0.16384
0.957428
0.493751
0.0135568
0.459387
0.229332
0.0225484
0.442088
0.711018
0.471667
0.8398
0.0922502
0.648553
0.977779
0.52513
0.270424
0.225516
0.748325
0.797965
0.702596
0.216377
0.707441
0.0395689
0.419739
0.704824
0.594495
0.396493
0.9392
0.329403
0.806578
0.135439
0.653109
0.824662
0.111772
0.060405
0.850802
0.176676
0.324099
0.0711384
0.799164
0.780401
0.359194
0.0256489
0.586697
0.960494
0.85059
0.403877
0.875677
0.206487
0.576674
0.76128
0.0298117
0.684099
0.68457
0.878525
0.25545
0.866756
0.912352
0.497234
0.0719921
0.267812
0.239264
0.862238
0.964651
0.570305
0.547696
0.369642
0.651468
0.307409
0.313678
0.50312
0.635766
0.440614
0.362636
0.933617
0.863264
0.575559
0.0473324
0.000529034
0.804579
0.9118
0.483856
0.716416
0.728354
0.450539
0.113615
0.963872
0.674342
0.886096
0.739265
0.631683
0.86973
0.387541
0.434253
0.759788
0.159246
0.173134
0.923962
0.880897
0.0418931
0.490964
0.341
0.295567
0.773352
0.488295
0.0466699
0.0129923
0.894777
0.188103
0.499883
0.305407
0.921222
0.115601
0.256946
0.170655
0.875622
0.861746
0.583471
0.408506
0.54999
0.908091
0.143893
0.575192
0.722872
0.419511
0.667904
0.963274
0.00688102
0.703621
0.63659
0.792126
0.738204
0.947973
0.979891
0.907047
0.564446
0.345488
0.109281
0.187729
0.343845
0.975377
0.561707
0.258703
0.551222
0.979843
0.45617
0.538146
0.929626
0.185176
0.660021
0.809609
0.913776
0.00201344
0.137994
0.493838
0.985521
0.319428
0.605732
0.560453
0.753297
0.34901
0.374359
0.778389
0.156203
0.653182
0.353565
0.318759
0.544698
0.684796
0.565051
0.233485
0.799101
0.823764
0.147103
0.600045
0.4056
0.371564
0.637963
0.97616
0.380643
0.452432
0.572726
0.0270172
0.532252
0.0622254
0.459997
0.832605
0.212829
0.597895
0.988923
0.895108
0.883976
0.702472
0.638004
0.709083
0.567848
0.0826556
0.700174
0.749645
0.478985
0.569769
0.670466
0.35221
0.335889
0.654475
0.54311
0.638044
0.85964
0.232922
0.0269819
0.753861
0.592465
0.558131
0.83237
0.0177998
0.154681
0.833979
0.644513
0.176968
0.441466
0.973259
0.183171
0.645664
0.974678
0.437319
0.747129
0.525819
0.807324
0.591156
0.506532
0.393201
0.511293
0.915213
0.777828
0.465085
0.296527
0.0950267
0.623112
0.585482
0.725314
0.316431
0.140435
0.720745
0.687565
0.201755
0.104666
0.402181
0.143806
0.396841
0.260647
0.957111
0.205704
0.679099
0.389164
0.868552
0.110637
0.84888
0.684814
0.00773335
0.693531
0.157248
0.352041
0.0328737
0.324355
0.6392
0.412579
0.130299
0.914757
0.649816
0.798848
0.983925
0.781229
0.968786
0.851628
0.282137
0.765672
0.630681
0.597625
0.392237
0.0387033
0.385838
0.0761806
0.124159
0.902236
0.380191
0.180479
0.480201
0.626065
0.237779
0.274239
0.0905663
0.184694
0.378911
0.919875
0.237582
0.00104604
0.543416
0.346581
0.237807
0.785335
0.81162
0.675724
0.424991
0.829296
0.897031
0.340748
0.921207
0.975352
0.217766
0.28794
0.186964
0.0782146
0.0533474
0.891511
0.324405
0.00229388
0.359866
0.853539
0.00121862
0.721197
0.684764
0.112684
0.0671425
0.462562
0.530773
0.416268
0.23218
0.326003
0.983373
0.383748
0.621904
0.461791
0.465227
0.196858
0.638123
0.904033
0.716306
0.380469
0.909055
0.976868
0.35678
0.763887
0.480472
0.467307
0.12034
0.201774
0.896542
0.314843
0.376115
0.739844
0.23567
0.673724
0.0421465
0.179601
0.439765
0.4449
0.301146
0.323496
0.0396638
0.871144
0.0475692
0.367011
0.91496
0.704095
0.695953
0.86541
0.52938
0.338486
0.179736
0.675232
0.586506
0.327949
0.639216
0.558906
0.439916
0.144352
0.126248
0.210322
0.613728
0.670422
0.867447
0.732535
0.736174
0.190734
0.796109
0.312684
0.0451623
0.0983999
0.0497952
0.419653
0.374805
0.376412
0.473809
0.547364
0.511185
0.87438
0.564112
0.320414
0.859887
0.941337
0.00217134
0.11171
0.475163
0.0415485
0.717349
0.605281
0.478989
0.444285
0.657585
0.87774
0.513096
0.00873687
0.426923
0.279986
0.825949
0.266167
0.594086
0.0777975
0.713096
0.0119148
0.72358
0.415142
0.0969748
0.230696
0.850096
0.970851
0.463361
0.44173
0.7201
0.646171
0.457067
0.360822
0.0748256
0.12597
0.684066
0.632703
0.450399
0.406502
0.568227
0.475022
0.763756
0.405194
0.860981
0.528377
0.114692
0.474182
0.692937
0.458667
0.169925
0.566824
0.379285
0.522614
0.95881
0.890098
0.415239
0.948101
0.532796
0.866352
0.239895
0.916326
0.975425
0.74833
0.773838
0.993546
0.197201
0.608706
0.693591
0.0505558
0.840042
0.954257
0.278144
0.173724
0.152142
0.87951
0.161218
0.506617
0.165406
0.504404
0.706833
0.141148
0.379023
0.817691
0.572919
0.180044
0.300589
0.839818
0.86454
0.61605
0.641046
0.625069
0.611994
0.716777
0.734818
0.876339
0.104066
0.442772
0.727402
0.177273
0.244837
0.14246
0.219146
0.668808
0.535757
0.0816679
0.979133
0.190313
0.401315
0.38708
0.747834
0.777649
0.404233
0.0967942
0.852285
0.512557
0.0872284
0.212955
0.63846
0.994491
0.424074
0.823836
0.758198
0.904117
0.01271
0.718961
0.232426
0.525388
0.0494747
0.274406
0.60002
0.435908
0.766062
0.0642533
0.313786
0.590043
0.0397375
0.0246554
0.0165955
0.362337
0.745526
0.589728
0.73472
0.516094
0.864295
0.228908
0.691616
0.0647408
0.0503563
0.214467
0.741397
0.946412
0.396324
0.902507
0.565831
0.986221
0.754511
0.244201
0.514337
0.869367
0.880113
0.460296
0.0762967
0.208892
0.726532
0.590727
0.597816
0.818317
0.250363
0.358918
0.0679725
0.391551
0.529112
0.0756352
0.207038
0.81053
0.170497
0.354004
0.56777
0.689681
0.891348
0.621648
0.0898556
0.0793062
0.273045
0.625838
0.613583
0.389537
0.76921
0.149196
0.35478
0.0442786
0.469269
0.245052
0.823285
0.436891
0.112718
0.886344
0.574913
0.828347
0.482231
0.830951
0.285471
0.062768
0.378658
0.374517
0.207268
0.99181
0.776797
0.366145
0.707517
0.682392
0.639186
0.488527
0.736389
0.603735
0.845792
0.303982
0.100067
0.13949
0.728184
0.000121796
0.512941
0.355627
0.992555
0.532916
0.777615
0.880506
0.194197
0.700641
0.159817
0.975289
0.494
0.232084
0.335424
0.19297
0.603705
0.143852
0.845565
0.857982
0.833386
0.162992
0.421607
0.162637
0.153154
0.935615
0.706346
0.122345
0.744849
0.400669
0.243268
0.328117
0.962469
0.801077
0.321174
0.601532
0.435804
0.365673
0.233761
0.639181
0.640292
0.11483
0.409391
0.383996
0.822611
0.378542
0.733768
0.00820594
0.413085
0.254312
0.754752
0.610311
0.86254
0.364879
0.97821
0.752129
0.185804
0.270152
0.968367
0.910118
0.0118967
0.568161
0.569989
0.503584
0.648235
0.191211
0.0539552
0.0421521
0.860929
0.606333
0.701369
0.258249
0.625358
0.678234
0.66724
0.257562
0.99187
0.576148
0.534963
0.523166
0.759394
0.646847
0.334486
0.500799
0.468651
0.234881
0.803937
0.126582
0.610361
0.331499
0.598302
0.563237
0.0219489
0.713696
0.362578
0.0634014
0.7254
0.0899966
0.309298
0.215149
0.120865
0.640998
0.451784
0.409155
0.765522
0.828991
0.0672408
0.759583
0.866842
0.372171
0.0607995
0.620624
0.789124
0.747043
0.997062
0.231682
0.967439
0.981728
0.97756
0.686774
0.0211597
0.339716
0.175938
0.299209
0.483256
0.785967
0.846205
0.806107
0.824019
0.928662
0.0595384
0.270934
0.334382
0.402865
0.918883
0.290204
0.835075
0.29612
0.468207
0.120987
0.804339
0.828974
0.971133
0.140701
0.769736
0.40818
0.995818
0.558579
0.449526
0.339304
0.981759
0.480117
0.703914
0.137672
0.852829
0.131833
0.240953
0.868345
0.0803731
0.632057
0.27083
0.709463
0.564141
0.495366
0.857113
0.405788
0.000269045
0.518722
0.258432
0.149281
0.834237
0.188049
0.082818
0.891206
0.392427
0.562466
0.428291
0.639385
0.23169
0.868704
0.242494
0.588385
0.175837
0.329706
0.744077
0.944015
0.841052
0.273584
0.287236
0.214403
0.666607
0.363759
0.232829
0.476888
0.0724021
0.230133
0.274986
0.716289
0.131223
0.165341
0.508824
0.202809
0.0139769
0.740411
0.122684
0.0689003
0.987998
0.290313
0.731076
0.876321
0.0313188
0.9768
0.213234
0.606175
0.352237
0.485043
0.814578
0.213662
0.406533
0.23762
0.19184
0.213144
0.291763
0.562679
0.00816766
0.282754
0.983716
0.918229
0.779266
0.549615
0.775594
0.527978
0.695767
0.86477
0.245527
0.365538
0.612975
0.51625
0.400651
0.103122
0.947609
0.704053
0.760755
0.469782
0.743421
0.377559
0.862138
0.0215878
0.502924
0.547173
0.635585
0.304682
0.295846
0.455105
0.0264697
0.861282
0.317524
0.329251
0.522047
0.838509
0.294239
0.91998
0.488456
0.00154955
0.739348
0.816329
0.384894
0.347153
0.147218
0.360197
0.993179
0.457173
0.473244
0.226719
0.914695
0.820273
0.752789
0.149084
0.931604
0.776145
0.388476
0.349503
0.570807
0.235576
0.608171
0.16967
0.201853
0.188642
0.610253
0.416102
0.47381
0.830623
0.735664
0.538155
0.912226
0.970884
0.277321
0.557238
0.137316
0.579768
0.08881
0.0806971
0.584493
0.863275
0.0411223
0.441451
0.747264
0.748759
0.194737
0.354495
0.296394
0.662976
0.382848
0.23026
0.451816
0.609186
0.80618
0.0576192
0.375641
0.127712
0.157447
0.848522
0.707016
0.21241
0.528255
0.223984
0.229007
0.320004
0.72256
0.362097
0.744351
0.652486
0.787167
0.431082
0.223033
0.718247
0.490172
0.0101097
0.487684
0.0928126
0.741941
0.62314
0.513358
0.385026
0.223714
0.705883
0.786581
0.0715815
0.742001
0.261658
0.37224
0.34826
0.952329
0.0955213
0.58495
0.0259915
0.068828
0.977011
0.82716
0.719629
0.419964
0.3744
0.579071
0.988746
0.248266
0.891019
0.86273
0.20676
0.687446
0.723302
0.14659
0.289479
0.298699
0.677535
0.247685
0.499129
0.413794
0.758681
0.106573
0.432519
0.173259
0.310588
0.0640753
0.917231
0.437558
0.271329
0.701019
0.491056
0.469232
0.119623
0.615047
0.707824
0.448276
0.855656
0.0208554
0.928569
0.393595
0.129128
0.202197
0.503717
0.311934
0.388545
0.7085
0.27829
0.0217994
0.743086
0.86741
0.628345
0.576764
0.84615
0.61908
0.65843
0.983896
0.277269
0.0136402
0.165636
0.711984
0.872378
0.930437
0.245567
0.331687
0.938489
0.477243
0.563356
0.377844
0.176062
0.765886
0.799729
0.88408
0.250894
0.305429
0.163973
0.346316
0.72116
0.735001
0.157074
0.81681
0.548013
0.0531545
0.825391
0.443075
0.968415
0.429953
0.616496
0.214997
0.222621
0.436662
0.67043
0.637085
0.982267
0.889013
0.896175
0.19106
0.803277
0.368017
0.869909
0.949368
0.83781
0.29261
0.655999
0.728949
0.778886
0.296187
0.857228
0.214292
0.926257
0.259351
0.992812
0.230376
0.648284
0.151789
0.108
0.0138277
0.485257
0.0799881
0.963721
0.637547
0.66256
0.295093
0.158408
0.883369
0.50277
0.893186
0.041044
0.138001
0.885237
0.399119
0.175275
0.133796
0.379245
0.0773553
0.801835
0.708273
0.847289
0.474731
0.166675
0.0332912
0.241142
0.648213
0.765481
0.0688923
0.812739
0.820313
0.11229
0.733152
0.0329033
0.979861
0.21725
0.782962
0.428907
0.402069
0.684776
0.547341
0.337325
0.333599
0.156034
0.0449574
0.378861
0.973535
0.822792
0.629921
0.151066
0.716379
0.0752482
0.651715
0.224558
0.425499
0.347662
0.896294
0.910329
0.0966619
0.445788
0.00214355
0.693669
0.982881
0.961363
0.631312
0.136043
0.138282
0.149495
0.64023
0.220545
0.814187
0.586036
0.0134567
0.549377
0.761558
0.333286
0.577494
0.904917
0.261867
0.405076
0.173466
0.027049
0.0518155
0.502828
0.879876
0.232085
0.051403
0.169102
0.843852
0.159092
0.218118
0.266943
0.700883
0.751579
0.428946
0.310531
0.826526
0.588408
0.106657
0.250415
0.883685
0.489699
0.552679
0.193048
0.528606
0.367637
0.118828
0.496218
0.436517
0.865789
0.185268
0.283686
0.885953
0.00849671
0.723053
0.0847595
0.667056
0.832488
0.378814
0.830006
0.241062
0.695872
0.932956
0.103158
0.900936
0.24098
0.969798
0.959658
0.168698
0.600698
0.853644
0.150417
0.243863
0.753772
0.314667
0.952899
0.316387
0.0720721
0.872355
0.628612
0.38019
0.00054848
0.697694
0.985031
0.876915
0.0121932
0.878799
0.56457
0.70095
0.0800019
0.0667256
0.74431
0.00350078
0.501218
0.0844643
0.586884
0.346892
0.736196
0.226835
0.215332
0.908836
0.882483
0.71969
0.621715
0.771373
0.0137921
0.636401
0.93987
0.541294
0.652171
0.217056
0.877195
0.129345
0.0449228
0.0444803
0.0194461
0.829399
0.228373
0.595711
0.809404
0.994847
0.511291
0.582158
0.539975
0.0068262
0.710162
0.651119
0.880901
0.365694
0.234205
0.152194
0.231405
0.711189
0.418512
0.681193
0.495991
0.13866
0.387961
0.689955
0.560757
0.574402
0.510508
0.313769
0.941759
0.912533
0.270146
0.697781
0.845391
0.23301
0.704528
0.996217
0.733657
0.65122
0.377867
0.207548
0.0901099
0.835848
0.68211
0.0255801
0.332339
0.503545
0.500305
0.0291082
0.454356
0.876031
0.450753
0.948229
0.524885
0.00215998
0.849685
0.123727
0.0595937
0.85458
0.916182
0.964685
0.0852068
0.277938
0.570407
0.686014
0.681318
0.797118
0.69259
0.130899
0.387267
0.300737
0.669808
0.17543
0.0950003
0.776279
0.695221
0.51238
0.771381
0.905728
0.262339
0.535898
0.539403
0.155295
0.841987
0.438695
0.854228
0.291617
0.106902
0.899263
0.200871
0.84848
0.495257
0.452202
0.0745644
0.484208
0.404141
0.800261
0.591219
0.0633616
0.156356
0.0438474
0.518839
0.0399406
0.431063
0.303215
0.316869
0.487904
0.676446
0.215116
0.811661
0.186451
0.57851
0.752887
0.662885
0.355969
0.172934
0.212758
0.193272
0.515933
0.351088
0.760068
0.398592
0.653287
0.364384
0.627562
0.225401
0.677906
0.348033
0.66157
0.0623648
0.633768
0.175545
0.271228
0.66302
0.133054
0.608444
0.89554
0.924477
0.616993
0.982531
0.0398954
0.141989
0.918111
0.758237
0.256753
0.822368
0.0982104
0.439396
0.0257455
0.522438
0.637629
0.483395
0.960776
0.874908
0.863014
0.253304
0.707058
0.672225
0.121467
0.0452401
0.697061
0.735543
0.0136927
0.127782
0.132558
0.159644
0.604709
0.806187
0.0135698
0.181624
0.084012
0.384144
0.736713
0.297716
0.177336
0.0479237
0.591863
0.561504
0.944296
0.332954
0.951931
0.213174
0.378901
0.288556
0.859244
0.934979
0.985726
0.757995
0.735719
0.449738
0.353109
0.988219
0.110512
0.343643
0.734866
0.84238
0.928656
0.974944
0.83566
0.989805
0.829605
0.171064
0.151633
0.456693
0.621347
0.256836
0.980319
0.114272
0.874702
0.282491
0.425552
0.990759
0.0793151
0.654138
0.404883
0.286647
0.595435
0.170305
0.714294
0.589497
0.212141
0.56881
0.223975
0.789559
0.193977
0.222783
0.192695
0.0201251
0.00910991
0.164296
0.0367808
0.501437
0.08605
0.824189
0.0909072
0.441903
0.876692
0.510734
0.0819734
0.327598
0.0860786
0.332905
0.189506
0.33713
0.130025
0.189945
0.54946
0.880107
0.443634
0.90284
0.458121
0.6317
0.108553
0.239059
0.904326
0.565539
0.513146
0.103268
0.262876
0.281694
0.0172772
0.769508
0.223888
0.65292
0.458008
0.394383
0.0835209
0.542524
0.54314
0.8136
0.129017
0.730704
0.717784
0.342311
0.175026
0.827852
0.25729
0.195041
0.411055
0.309232
0.5003
0.676591
0.953327
0.250632
0.794259
0.474538
0.430906
0.546014
0.421191
0.373592
0.261967
0.596215
0.130659
0.522309
0.212631
0.63809
0.693721
0.0313574
0.435941
0.328365
0.917177
0.947622
0.680036
0.251246
0.527643
0.767665
0.164978
0.36385
0.842054
0.736327
0.0947734
0.244806
0.0284771
0.421818
0.567549
0.619529
0.184496
0.00279075
0.9157
0.399428
0.622327
0.728607
0.942575
0.0119484
0.210406
0.606918
0.822597
0.573352
0.811152
0.756161
0.729318
0.463916
0.749228
0.323679
0.192466
0.510133
0.282681
0.392983
0.625792
0.182255
0.251384
0.773035
0.411015
0.216617
0.408518
0.915465
0.182491
0.0473446
0.229342
0.806235
0.241501
0.805395
0.86631
0.167789
0.237122
0.233377
0.28024
0.0112798
0.716508
0.23175
0.445185
0.829389
0.727158
0.356079
0.746578
0.258198
0.176901
0.450698
0.404913
0.0369789
0.237834
0.768002
0.644445
0.995991
0.489577
0.0502757
0.317773
0.347358
0.814912
0.20371
0.480282
0.442209
0.846619
0.54044
0.801982
0.769737
0.606321
0.653143
0.574221
0.742417
0.399279
0.244448
0.696629
0.833631
0.240783
0.698734
0.854597
0.372815
0.673215
0.654199
0.424127
0.0841314
0.0433415
0.382441
0.112634
0.0417945
0.166631
0.155041
0.404484
0.978066
0.902207
0.828425
0.558238
0.553212
0.218365
0.262448
0.0250927
0.828719
0.433732
0.70509
0.628706
0.810406
0.486445
0.608451
0.234902
0.242685
0.0458536
0.997251
0.370025
0.754411
0.20948
0.0215978
0.762721
0.929277
0.89838
0.753181
0.890076
0.616905
0.62733
0.323358
0.584264
0.0886322
0.385394
0.944135
0.205387
0.453841
0.841739
0.545545
0.263967
0.64507
0.605754
0.903879
0.22197
0.888676
0.793101
0.447548
0.905341
0.989685
0.510679
0.767984
0.990276
0.335318
0.60704
0.883633
0.81131
0.302599
0.664975
0.257943
0.524772
0.36545
0.487298
0.386703
0.3628
0.227595
0.806273
0.310042
0.887748
0.991138
0.918044
0.289763
0.632843
0.421927
0.152933
0.0685563
0.782609
0.187725
0.348751
0.0776357
0.381962
0.301071
0.280471
0.547984
0.596586
0.575383
0.160091
0.571367
0.0856373
0.309601
0.913988
0.6942
0.654848
0.471436
0.396333
0.147968
0.62893
0.134245
0.327703
0.217551
0.894505
0.590512
0.494231
0.478636
0.566717
0.994435
0.0171452
0.0318741
0.579827
0.393673
0.791934
0.113791
0.201656
0.250994
0.839633
0.122101
0.936728
0.992582
0.549384
0.190352
0.223143
0.374064
0.547518
0.59838
0.640296
0.692325
0.786046
0.162831
0.816776
0.146449
0.565534
0.805323
0.261938
0.201616
0.847916
0.335807
0.6459
0.591664
0.294808
0.7924
0.0740631
0.55423
0.0824452
0.0773958
0.0717048
0.686619
0.0366151
0.728661
0.841424
0.511118
0.141783
0.112063
0.443784
0.235875
0.811195
0.876268
0.0434939
0.565162
0.19472
0.669906
0.154953
0.602614
0.215359
0.0281683
0.423624
0.0678643
0.940237
0.857524
0.119476
0.468724
0.770985
0.718966
0.591083
0.118774
0.876575
0.172865
0.82707
0.981701
0.688049
0.759104
0.0274437
0.655515
0.701559
0.203014
0.744991
0.286452
0.405773
0.204372
0.257542
0.809384
0.406176
0.912733
0.528154
0.56902
0.646561
0.0551836
0.840314
0.962753
0.295591
0.266432
0.298289
0.538774
0.441288
0.391689
0.111111
0.46648
0.159818
0.457451
0.667469
0.496632
0.823207
0.459687
0.141572
0.0757379
0.307416
0.958757
0.85923
0.505935
0.405954
0.653814
0.883447
0.388157
0.543258
0.286096
0.614098
0.690739
0.819087
0.337783
0.850527
0.668598
0.45714
0.846519
0.186148
0.251371
0.920511
0.673343
0.492204
0.559841
0.821107
0.59567
0.047347
0.235513
0.940347
0.762614
0.72926
0.970751
0.253279
0.86729
0.652424
0.511111
0.156929
0.852207
0.0512438
0.209986
0.330203
0.357389
0.643351
0.368295
0.773336
0.42794
0.77231
0.618497
0.24142
0.197144
0.237408
0.23965
0.268292
0.827792
0.150063
0.0910406
0.861285
0.0385614
0.294824
0.158247
0.12603
0.985981
0.0802109
0.838233
0.221866
0.208678
0.133448
0.08294
0.319569
0.302453
0.0110935
0.37617
0.278578
0.0236122
0.2021
0.723453
0.370387
0.215286
0.776247
0.281509
0.0955906
0.307028
0.266614
0.791476
0.312144
0.667172
0.11916
0.26762
0.396054
0.375812
0.78242
0.720742
0.344195
0.659423
0.639867
0.993809
0.134433
0.497055
0.114577
0.176101
0.413697
0.584554
0.160218
0.545827
0.680658
0.445829
0.115635
0.0598183
0.12922
0.668188
0.206003
0.616752
0.256248
0.804344
0.307751
0.15886
0.799618
0.714986
0.545502
0.135423
0.111825
0.123327
0.610972
0.592718
0.13084
0.255522
0.0553419
0.15806
0.271366
0.563134
0.953244
0.438152
0.100431
0.371989
0.686907
0.991677
0.861435
0.573985
0.889318
0.432486
0.241529
0.375312
0.652864
0.394495
0.0368393
0.334135
0.0987776
0.207151
0.0187477
0.212305
0.156178
0.099173
0.564763
0.91698
0.32747
0.63942
0.217576
0.91104
0.651465
0.905005
0.696702
0.916687
0.546255
0.403411
0.106486
0.146172
0.46957
0.0755049
0.438419
0.879311
0.603124
0.626812
0.337285
0.486553
0.252281
0.787813
0.688298
0.504148
0.942628
0.660092
0.192261
0.0911051
0.565152
0.885822
0.0760293
0.13567
0.317517
0.0430983
0.974346
0.497898
0.145855
0.224522
0.69251
0.498009
0.491486
0.163986
0.928919
0.961901
0.352598
0.217942
0.320339
0.92866
0.507736
0.402549
0.349556
0.998058
0.257846
0.919438
0.796925
0.751782
0.053383
0.770594
0.464953
0.171774
0.291383
0.0309059
0.714873
0.146697
0.239841
0.380511
0.589263
0.0705965
0.491797
0.634986
0.933484
0.294232
0.82691
0.854034
0.592266
0.554111
0.827457
0.0054187
0.229357
0.287093
0.124083
0.626683
0.314826
0.501224
0.204014
0.258419
0.649744
0.487591
0.25333
0.535279
0.483319
0.00395503
0.0138932
0.962796
0.781647
0.678567
0.978226
0.290774
0.209951
0.0560593
0.0952055
0.708583
0.259542
0.930068
0.269891
0.149235
0.72433
0.8146
0.848247
0.731741
0.341948
0.940744
0.915115
0.887224
0.789377
0.820152
0.713764
0.451763
0.125032
0.239706
0.7111
0.489673
0.3323
0.954507
0.791615
0.934126
0.343341
0.981817
0.0932601
0.783217
0.618573
0.345656
0.658513
0.580329
0.269521
0.225722
0.495617
0.40461
0.953808
0.126735
0.491276
0.808595
0.546785
0.420684
0.263316
0.677227
0.300054
0.39914
0.173376
0.535796
0.654185
0.565353
0.281613
0.778286
0.02502
0.625524
0.288139
0.139019
0.40387
0.38614
0.771373
0.571421
0.996229
0.096597
0.667503
0.413169
0.71242
0.960959
0.666373
0.346757
0.324807
0.939743
0.755865
0.774888
0.0438651
0.72563
0.0249573
0.920088
0.437186
0.778613
0.691572
0.60984
0.675982
0.866441
0.0793402
0.425542
0.326804
0.555833
0.31018
0.320704
0.350729
0.0539758
0.552435
0.506494
0.00101354
0.871546
0.00952819
0.988539
0.421735
0.258663
0.550048
0.751026
0.633102
0.0364992
0.581624
0.643379
0.935225
0.310264
0.119538
0.373995
0.213669
0.493851
0.762715
0.116266
0.383801
0.567368
0.119632
0.722162
0.7387
0.383959
0.659233
0.364903
0.633626
0.745256
0.281334
0.566857
0.70214
0.468421
0.171202
0.657859
0.606388
0.855828
0.207077
0.399747
0.479364
0.380888
0.236392
0.308494
0.237974
0.379354
0.0101994
0.525073
0.445013
0.337273
0.393942
0.459602
0.853296
0.744462
0.444764
0.229027
0.4414
0.821143
0.763818
0.127587
0.460617
0.343662
0.129286
0.869489
0.641087
0.858743
0.158394
0.778394
0.110628
0.0344059
0.186917
0.690271
0.0644105
0.538323
0.562378
0.702192
0.39285
0.768717
0.570562
0.930472
0.21575
0.843755
0.627645
0.0494602
0.0435067
0.604273
0.381937
0.420284
0.175346
0.731918
0.923752
0.323548
0.598069
0.00981657
0.36897
0.394948
0.189724
0.227459
0.104131
0.531016
0.611065
0.405096
0.160188
0.626571
0.480013
0.0303735
0.826361
0.0505027
0.487468
0.949257
0.919089
0.467794
0.289387
0.386457
0.488764
0.390892
0.360175
0.219742
0.151048
0.521697
0.992029
0.290651
0.335906
0.502293
0.833854
0.0817455
0.383462
0.102868
0.188489
0.104915
0.245299
0.594229
0.291878
0.572724
0.205408
0.0053938
0.586655
0.699137
0.500653
0.97857
0.49245
0.305021
0.899125
0.630936
0.859951
0.653623
0.0929721
0.555792
0.57706
0.132703
0.377168
0.60647
0.199214
0.932749
0.427947
0.152516
0.584638
0.650431
0.186978
0.812527
0.663099
0.520203
0.761003
0.395437
0.975669
0.270554
0.630106
0.667036
0.309132
0.229536
0.688105
0.719206
0.284252
0.351352
0.704546
0.183588
0.987664
0.70973
0.792206
0.632034
0.947053
0.155009
0.141021
0.0318759
0.344838
0.557833
0.941018
0.622899
0.254249
0.583378
0.299776
0.637818
0.528214
0.342134
0.791704
0.846774
0.649112
0.28691
0.271426
0.621482
0.639314
0.88086
0.327452
0.486806
0.226654
0.707088
0.810456
0.128465
0.245936
0.427551
0.991211
0.587485
0.752337
0.405182
0.645789
0.801394
0.211917
0.950765
0.279451
0.146278
0.68439
0.581551
0.687865
0.301534
0.184007
0.958698
0.98225
0.0717075
0.20811
0.309183
0.233032
0.397583
0.775624
0.104181
0.504444
0.12944
0.765381
0.405454
0.863207
0.650902
0.00325566
0.921255
0.972182
0.572333
0.852536
0.954859
0.300963
0.701428
0.225354
0.894807
0.121968
0.416055
0.234529
0.434705
0.320199
0.158466
0.745738
0.585291
0.0918671
0.638562
0.155377
0.957684
0.0551809
0.635676
0.804732
0.808458
0.424107
0.993783
0.487916
0.944909
0.7547
0.611448
0.379632
0.681417
0.618615
0.881858
0.513845
0.0165316
0.0259717
0.615881
0.262584
0.0112869
0.589566
0.837824
0.09629
0.890655
0.811678
0.989712
0.358017
0.0563868
0.50675
0.00591891
0.488086
0.218372
0.728275
0.463141
0.169792
0.748275
0.0165259
0.0238324
0.924967
0.976868
0.35259
0.158619
0.45284
0.966849
0.990272
0.516922
0.0931375
0.180396
0.632706
0.691579
0.795811
0.185839
0.416159
0.137046
0.192988
0.70263
0.454426
0.358798
0.718257
0.670382
0.552457
0.793278
0.831316
0.141299
0.733841
0.251457
0.933636
0.297214
0.453747
0.309756
0.557991
0.838102
0.00351063
0.181567
0.906456
0.265566
0.371827
0.634737
0.372244
0.608023
0.0600946
0.0526343
0.164706
0.68043
0.10746
0.583991
0.522253
0.46921
0.503991
0.665536
0.128332
0.717922
0.484325
0.439055
0.82818
0.0917327
0.0894968
0.748422
0.504953
0.608012
0.178205
0.802879
0.746081
0.552216
0.676753
0.156509
0.154219
0.830449
0.702072
0.517607
0.982334
0.588108
0.0626028
0.406503
0.801006
0.43165
0.768888
0.185408
0.846448
0.980088
0.990527
0.764982
0.49281
0.159693
0.233684
0.316759
0.549124
0.815711
0.853496
0.147398
0.838826
0.398141
0.839426
0.563881
0.157787
0.524147
0.615523
0.792304
0.341038
0.771342
0.467637
0.420883
0.273424
0.0289197
0.272872
0.903236
0.740222
0.771685
0.274623
0.624255
0.0200001
0.0652872
0.816652
0.0752538
0.516346
0.23552
0.551856
0.125422
0.793145
0.784363
0.847561
0.930042
0.605208
0.786916
0.768082
0.0336531
0.394374
0.629379
0.40278
0.16838
0.483588
0.0243324
0.957771
0.0998105
0.254372
0.677857
0.950539
0.390539
0.536461
0.100974
0.13369
0.265528
0.579452
0.867611
0.216019
0.786922
0.580886
0.467707
0.769748
0.801799
0.22977
0.262578
0.180939
0.186602
0.115284
0.314338
0.321633
0.573333
0.794325
0.0631553
0.78308
0.164467
0.78276
0.29698
0.0653237
0.00646018
0.98889
0.143587
0.182837
0.120333
0.273957
0.597179
0.651941
0.16978
0.116116
0.307117
0.32044
0.994861
0.136303
0.854202
0.801363
0.0439463
0.267508
0.438568
0.848644
0.443607
0.192805
0.454485
0.583911
0.596159
0.518352
0.343889
0.226452
0.49856
0.509506
0.230926
0.742661
0.133628
0.501471
0.514359
0.300566
0.0263779
0.124523
0.931472
0.844882
0.0350797
0.324795
0.559405
0.983716
0.648194
0.383959
0.230897
0.0880257
0.959492
0.449843
0.190802
0.119002
0.553244
0.424681
0.853284
0.2663
0.554587
0.0294717
0.654868
0.579874
0.348905
0.808917
0.131825
0.961889
0.214472
0.770459
0.564312
0.442612
0.498526
0.315724
0.935146
0.41846
0.165033
0.901829
0.547608
0.785508
0.467019
0.899822
0.944451
0.43324
0.157578
0.772872
0.120054
0.212852
0.519835
0.744345
0.950222
0.453773
0.329901
0.657456
0.949284
0.34823
0.305648
0.805008
0.259606
0.369034
0.958777
0.231756
0.673581
0.295831
0.76572
0.767331
0.086931
0.0244862
0.502798
0.0591914
0.907847
0.82742
0.172432
0.928909
0.530615
0.245827
0.150124
0.573857
0.160454
0.409619
0.060945
0.798179
0.932582
0.771362
0.942829
0.0664945
0.987255
0.000312481
0.054748
0.397594
0.558684
0.834405
0.359771
0.879079
0.00795892
0.402977
0.512427
0.534234
0.575867
0.40431
0.000795501
0.363052
0.991358
0.424826
0.469447
0.260631
0.99336
0.0257418
0.0640188
0.504309
0.813125
0.810475
0.380403
0.644992
0.0703616
0.462785
0.947679
0.303125
0.268622
0.00957529
0.644359
0.178648
0.554621
0.404559
0.761132
0.245203
0.735883
0.0142056
0.180068
0.384918
0.647328
0.223557
0.551511
0.15345
0.387892
0.190676
0.952153
0.154493
0.41276
0.93498
0.636187
0.804339
0.732971
0.817572
0.406687
0.709665
0.587196
0.453197
0.899153
0.83043
0.577639
0.439961
0.785951
0.289975
0.0490874
0.330501
0.391098
0.863356
0.39126
0.830322
0.799142
0.770606
0.967359
0.787171
0.826014
0.0751401
0.305703
0.105475
0.734817
0.561479
0.750868
0.671947
0.366859
0.424654
0.208936
0.870983
0.790766
0.305372
0.816075
0.292832
0.0365162
0.0183524
0.897604
0.454151
0.623594
0.777061
0.929431
0.883816
0.518374
0.355136
0.232254
0.323653
0.788725
0.52702
0.905577
0.331164
0.00282564
0.0449787
0.616543
0.0180052
0.0484825
0.32337
0.221292
0.636604
0.9045
0.142039
0.911934
0.567933
0.432505
0.759609
0.876629
0.642048
0.508076
0.851783
0.868752
0.779066
0.809492
0.00102087
0.548738
0.370152
0.943424
0.739362
0.0977156
0.472444
0.938297
0.499303
0.918885
0.416268
0.631019
0.450005
0.415009
0.50926
0.393659
0.705929
0.317278
0.518068
0.567126
0.176453
0.268994
0.557533
0.025354
0.92162
0.205746
0.945209
0.428172
0.910582
0.979573
0.431057
0.614462
0.615612
0.461538
0.63578
0.362177
0.453565
0.885267
0.574916
0.29594
0.61856
0.982743
0.994689
0.304994
0.542672
0.119059
0.549498
0.104133
0.598796
0.651003
0.648108
0.815289
0.283772
0.252588
0.779516
0.947453
0.280588
0.942623
0.50981
0.526617
0.599772
0.452107
0.528308
0.335011
0.363079
0.720737
0.00952504
0.955463
0.77966
0.786265
0.098594
0.168225
0.197004
0.0229292
0.113421
0.0598379
0.402032
0.624665
0.0714319
0.616145
0.41112
0.266962
0.382538
0.375057
0.567015
0.540365
0.204145
0.9139
0.552547
0.232649
0.159044
0.969691
0.969046
0.329541
0.3662
0.550086
0.934346
0.410368
0.226798
0.50911
0.966138
0.69756
0.0835254
0.11742
0.40979
0.0379709
0.422887
0.51329
0.263936
0.197954
0.62909
0.405519
0.397636
0.275394
0.425888
0.489277
0.436453
0.0895477
0.415437
0.574337
0.271958
0.619119
0.0353513
0.685501
0.581729
0.104343
0.187183
0.0676388
0.762509
0.954217
0.517505
0.502689
0.509851
0.562008
0.633958
0.480471
0.123143
0.434828
0.0519587
0.269104
0.651519
0.821907
0.209501
0.328262
0.336894
0.0871338
0.439548
0.515357
0.978396
0.387318
0.0229908
0.443407
0.773586
0.768161
0.0882227
0.401134
0.573805
0.108339
0.5741
0.793403
0.857755
0.0365814
0.480969
0.361491
0.144422
0.759233
0.238182
0.929757
0.648932
0.440756
0.472406
0.19967
0.918051
0.829373
0.977711
0.553062
0.863749
0.208787
0.990847
0.908108
0.794668
0.800468
0.756268
0.193863
0.997121
0.995447
0.0170898
0.318315
0.0538079
0.0467685
0.446643
0.26023
0.456278
0.0463849
0.820588
0.0386286
0.440666
0.554918
0.692878
0.584014
0.264471
0.0877414
0.312145
0.483583
0.886924
0.692037
0.278358
0.179511
0.527219
0.861211
0.909311
0.32584
0.637778
0.150526
0.966722
0.00337927
0.808742
0.436683
0.0483963
0.374332
0.394478
0.821323
0.770871
0.375515
0.651859
0.196619
0.982354
0.678082
0.987951
0.68344
0.101002
0.819485
0.466242
0.387091
0.209844
0.264356
0.406549
0.894222
0.00773401
0.189061
0.678008
0.34824
0.906931
0.413673
0.489422
0.64608
0.359204
0.168249
0.920236
0.626968
0.0976601
0.816357
0.363793
0.891572
0.864328
0.226664
0.279389
0.539718
0.842503
0.74116
0.487105
0.446355
0.952011
0.787172
0.158048
0.592121
0.816694
0.159825
0.239514
0.872937
0.0512807
0.611632
9.76993e-05
0.568044
0.921035
0.99115
0.698311
0.7358
0.940058
0.417533
0.920576
0.940158
0.622698
0.762518
0.34935
0.799041
0.942278
0.37281
0.726815
0.161075
0.935825
0.00938792
0.0681658
0.847351
0.415793
0.133765
0.0349789
0.926184
0.926674
0.870713
0.929335
0.922873
0.249871
0.696509
0.357923
0.868839
0.623131
0.228775
0.549963
0.125194
0.498555
0.891529
0.760381
0.763893
0.382388
0.217963
0.913124
0.974994
0.732392
0.622379
0.126963
0.414396
0.698583
0.655806
0.0208267
0.923839
0.677136
0.873195
0.50287
0.769747
0.355209
0.0826604
0.875278
0.864149
0.685604
0.919902
0.551535
0.936093
0.137078
0.901084
0.830976
0.430978
0.451301
0.358785
0.644535
0.57956
0.970027
0.209391
0.556933
0.649955
0.300185
0.0971515
0.0992631
0.577924
0.465286
0.375159
0.562653
0.426176
0.413452
0.539868
0.10047
0.928633
0.336274
0.707024
0.0951544
0.0227704
0.818766
0.0356357
0.380592
0.0945319
0.758401
0.863665
0.19187
0.698136
0.305512
0.336144
0.24932
0.22754
0.544585
0.141608
0.228474
0.180853
0.688615
0.112307
0.905946
0.611853
0.204686
0.658994
0.695239
0.368366
0.784474
0.341021
0.849926
0.541789
0.971735
0.021639
0.143463
0.281504
0.523954
0.377283
0.018632
0.228923
0.190225
0.12254
0.421498
0.54218
0.818899
0.483138
0.0132858
0.639448
0.169333
0.777141
0.0316533
0.521693
0.158975
0.0981259
0.939864
0.138657
0.857178
0.803248
0.783921
0.174024
0.805267
0.311653
0.258702
0.905987
0.500063
0.105123
0.929062
0.364358
0.00485132
0.461007
0.554838
0.154262
0.161851
0.516956
0.097501
0.898976
0.103222
0.998478
0.446555
0.115679
0.634834
0.0521752
0.69557
0.939321
0.499219
0.315437
0.887071
0.392186
0.0760946
0.521582
0.957791
0.276165
0.373783
0.766328
0.416224
0.248613
0.461548
0.232676
0.492979
0.232016
0.738197
0.458686
0.877038
0.19861
0.980521
0.21705
0.101903
0.188315
0.589227
0.581964
0.86852
0.106914
0.680525
0.580251
0.766542
0.00903677
0.899972
0.241209
0.828037
0.166492
0.602446
0.498905
0.75989
0.896786
0.291005
0.227312
0.890111
0.953859
0.163875
0.856263
0.971679
0.769933
0.67532
0.550522
0.939014
0.897441
0.0175928
0.403312
0.996073
0.910569
0.914381
0.799564
0.958126
0.66263
0.717077
0.837878
0.221908
0.564186
0.00120142
0.0386035
0.393146
0.163671
0.944376
0.0766741
0.703147
0.697508
0.673082
0.944995
0.237836
0.829468
0.563203
0.953265
0.220177
0.462994
0.596931
0.513765
0.969755
0.772394
0.530878
0.678643
0.501114
0.0203942
0.399736
0.0928756
0.579518
0.959663
0.755338
0.937901
0.594852
0.588693
0.0843034
0.33013
0.831917
0.939861
0.952423
0.714953
0.0701133
0.248126
0.835241
0.63441
0.444667
0.99229
0.838498
0.784749
0.939059
0.941507
0.161425
0.703389
0.833515
0.77487
0.213695
0.0220378
0.758822
0.571675
0.163397
0.503751
0.558232
0.720037
0.0361235
0.419286
0.127904
0.420774
0.972126
0.906604
0.115161
0.464838
0.849042
0.178956
0.152437
0.642856
0.392094
0.0185705
0.511802
0.297153
0.771077
0.186299
0.0483668
0.996375
0.988395
0.350415
0.0772493
0.805518
0.21258
0.952214
0.914603
0.669826
0.293941
0.813437
0.674679
0.723445
0.117952
0.279355
0.745767
0.811119
0.99458
0.441499
0.420855
0.976662
0.504491
0.583273
0.421319
0.741125
0.970714
0.258621
0.0230684
0.59789
0.605745
0.585123
0.330089
0.945218
0.640865
0.59314
0.199836
0.797281
0.332187
0.269427
0.969229
0.100893
0.772838
0.317949
0.84654
0.667119
0.867997
0.785766
0.668421
0.168855
0.674726
0.78292
0.0865976
0.229867
0.461621
0.271538
0.550824
0.736249
0.359881
0.891828
0.93245
0.426596
0.0773867
0.529935
0.578525
0.246734
0.449659
0.526542
0.86402
0.247463
0.439173
0.670661
0.0787333
0.731497
0.0893201
0.701197
0.326548
0.528523
0.737632
0.471249
0.203234
0.0703574
0.583202
0.776321
0.848432
0.725405
0.100373
0.144809
0.40385
0.856047
0.139984
0.019291
0.770109
0.334194
0.584149
0.0367107
0.526096
0.549632
0.25489
0.847118
0.946893
0.904015
0.10815
0.586032
0.576961
0.693687
0.15341
0.262473
0.723147
0.0740161
0.646967
0.536346
0.786977
0.623023
0.329271
0.96729
0.947082
0.0726306
0.956947
0.314211
0.0821019
0.480555
0.143914
0.35965
0.671307
0.798937
0.733488
0.30455
0.978534
0.408553
0.44403
0.424923
0.723425
0.0836981
0.979227
0.985414
0.415329
0.213918
0.190283
0.897796
0.722565
0.501228
0.121845
0.642224
0.575853
0.182521
0.799735
0.462504
0.645724
0.26399
0.214038
0.0931846
0.382132
0.164746
0.117631
0.0359505
0.926576
0.213261
0.995167
0.833293
0.0296654
0.909691
0.859258
0.91089
0.338694
0.207219
0.211542
0.462297
0.195598
0.271289
0.959272
0.538488
0.81191
0.927
0.360209
0.360284
0.783999
0.538932
0.215218
0.837345
0.0761637
0.348583
0.506887
0.965422
0.356858
0.589265
0.925971
0.7094
0.242896
0.0963787
0.332811
0.343126
0.614902
0.873026
0.195158
0.561288
0.501706
0.875407
0.109522
0.157879
0.210244
0.740123
0.271831
0.767948
0.858853
0.00242758
0.212949
0.663384
0.497991
0.725155
0.220175
0.151733
0.636665
0.367268
0.520948
0.14846
0.807837
0.642135
0.677333
0.330899
0.991463
0.576199
0.296761
0.969082
0.00541896
0.0261835
0.803152
0.697824
0.633375
0.930209
0.566511
0.830971
0.276936
0.0373107
0.51868
0.168522
0.159539
0.28603
0.101038
0.856951
0.651256
0.607181
0.706961
0.217127
0.606015
0.726234
0.203793
0.22266
0.146549
0.914715
0.609473
0.333122
0.582888
0.701943
0.4448
0.0208188
0.309634
0.670677
0.824645
0.671994
0.729777
0.0292735
0.801191
0.147888
0.093255
0.417736
0.103043
0.892945
0.781855
0.261788
0.174141
0.00759974
0.319002
0.875072
0.310899
0.697184
0.261933
0.758235
0.662426
0.852101
0.824612
0.508396
0.099301
0.409016
0.0543909
0.983923
0.897616
0.598033
0.119253
0.840874
0.256711
0.996615
0.248215
0.116215
0.95094
0.645882
0.136195
0.560123
0.785099
0.0495562
0.288131
0.80242
0.392836
0.848613
0.596945
0.315981
0.220866
0.00636349
0.601368
0.609975
0.0224989
0.385224
0.890524
0.971191
0.141741
0.38559
0.816052
0.197236
0.136547
0.107839
0.25882
0.167597
0.188424
0.93525
0.0198403
0.738404
0.411107
0.145728
0.710692
0.547796
0.824008
0.626459
0.798723
0.822223
0.30585
0.946038
0.211527
0.758492
0.675185
0.745559
0.331181
0.770105
0.226689
0.671909
0.43729
0.976905
0.48726
0.00599658
0.895896
0.53099
0.349836
0.359894
0.641804
0.147592
0.394248
0.0161552
0.937087
0.244231
0.987286
0.765763
0.557853
0.196816
0.103036
0.75645
0.648502
0.965582
0.880725
0.260218
0.122303
0.172574
0.575999
0.898118
0.54412
0.767454
0.571606
0.179164
0.870499
0.52628
0.340144
0.67479
0.361839
0.360107
0.843205
0.345621
0.0463497
0.905224
0.320602
0.663626
0.205496
0.262082
0.701978
0.796526
0.654061
0.66951
0.492386
0.269457
0.737698
0.548859
0.00535312
0.108305
0.755294
0.987678
0.245976
0.205956
0.818583
0.325934
0.549463
0.338546
0.835214
0.163454
0.309968
0.638102
0.902081
0.175955
0.650042
0.801095
0.362226
0.89652
0.798408
0.352966
0.817929
0.346996
0.155552
0.852228
0.722225
0.311208
0.768365
0.39432
0.701288
0.182091
0.565379
0.646479
0.0179971
0.708203
0.699679
0.388741
0.649471
0.969801
0.188467
0.210661
0.549015
0.895394
0.000267041
0.665613
0.59308
0.996845
0.924348
0.450351
0.802543
0.257311
0.256553
0.380201
0.894715
0.85627
0.0181024
0.0429183
0.537965
0.520701
0.162215
0.674208
0.758426
0.453839
0.0475657
0.360937
0.776556
0.338889
0.188533
0.70633
0.462196
0.592338
0.0178502
0.606508
0.666767
0.188178
0.208072
0.306268
0.610581
0.0510559
0.153936
0.11407
0.352793
0.687666
0.961839
0.499271
0.344822
0.296057
0.38459
0.290603
0.703518
0.201822
0.252734
0.114092
0.45309
0.070844
0.407021
0.158195
0.686699
0.357571
0.228844
0.0431206
0.385616
0.73304
0.960587
0.193585
0.0918017
0.948841
0.848269
0.132198
0.875206
0.470984
0.960647
0.734924
0.11739
0.297573
0.60061
0.778159
0.0688009
0.149775
0.749866
0.0911075
0.990159
0.854627
0.457039
0.480883
0.208222
0.241725
0.476282
0.287416
0.204064
0.377061
0.803596
0.913685
0.897844
0.443676
0.807322
0.537639
0.258044
0.480035
0.868892
0.518243
0.967992
0.590241
0.610592
0.484571
0.396959
0.697694
0.558054
0.374634
0.314197
0.500092
0.605697
0.704296
0.290883
0.419458
0.913202
0.270832
0.692525
0.644027
0.277905
0.286776
0.960001
0.851083
0.195
0.430856
0.804976
0.0320578
0.224781
0.142186
0.549617
0.274163
0.486934
0.247059
0.711822
0.253447
0.559587
0.384157
0.765661
0.662621
0.988294
0.539453
0.621659
0.728251
0.194621
0.817675
0.440622
0.291812
0.557788
0.358333
0.26546
0.381651
0.233258
0.077042
0.96779
0.328706
0.18056
0.649819
0.0639609
0.101025
0.662541
0.819174
0.90553
0.916471
0.289354
0.890317
0.335012
0.662716
0.560082
0.85874
0.954115
0.18534
0.411315
0.347115
0.907005
0.239354
0.883993
0.393231
0.813105
0.181022
0.120612
0.277194
0.386717
0.444724
0.987112
0.953256
0.740701
0.771086
0.296854
0.585821
0.841486
0.741345
0.89281
0.0459949
0.565952
0.864954
0.176223
0.595073
0.852142
0.784632
0.273758
0.464783
0.134114
0.975766
0.434199
0.660647
0.98852
0.84177
0.95722
0.0741659
0.851095
0.75256
0.911823
0.0212896
0.128697
0.27724
0.274396
0.565111
0.510583
0.424631
0.971422
0.443073
0.304457
0.689253
0.560362
0.428712
0.255343
0.343067
0.989257
0.802365
0.338886
0.933769
0.0978945
0.242008
0.0678042
0.839007
0.162883
0.29226
0.532568
0.772254
0.571774
0.71393
0.136168
0.824791
0.22904
0.92872
0.540648
0.859866
0.406588
0.792915
0.803849
0.671375
0.549389
0.0113371
0.358595
0.0130045
0.171301
0.0795722
0.0583272
0.177925
0.890744
0.995385
0.193923
0.0131527
0.984166
0.39606
0.798669
0.930046
0.578208
0.9659
0.0963912
0.547875
0.826566
0.486742
0.348145
0.492136
0.133101
0.338282
0.896226
0.541721
0.914013
0.151778
0.118491
0.443593
0.452814
0.842328
0.888825
0.377093
0.254813
0.0533942
0.213875
0.497793
0.97446
0.597353
0.444535
0.149509
0.58924
0.00558859
0.278411
0.900542
0.26827
0.222906
0.533867
0.330137
0.991755
0.881305
0.875209
0.45103
0.190796
0.283859
0.955373
0.340784
0.313065
0.377737
0.861236
0.992102
0.806343
0.960204
0.421227
0.21414
0.30946
0.350369
0.550143
0.749934
0.280456
0.289588
0.325627
0.49667
0.915203
0.72538
0.85963
0.247701
0.484233
0.471062
0.176388
0.0307567
0.0214373
0.892896
0.483605
0.480985
0.392152
0.541522
0.341004
0.560528
0.729595
0.387275
0.172129
0.198846
0.984671
0.684025
0.37197
0.696775
0.0619511
0.122314
0.345125
0.188546
0.568439
0.059411
0.696671
0.39303
0.58714
0.267498
0.754586
0.19196
0.0391543
0.257884
0.707278
0.656022
0.268833
0.128825
0.169465
0.95519
0.212519
0.919477
0.801701
0.855545
0.057418
0.332923
0.939422
0.793027
0.223178
0.902355
0.197654
0.589038
0.300286
0.746581
0.795414
0.590961
0.0606997
0.2738
0.48563
0.196232
0.0710582
0.567804
0.878963
0.602791
0.703427
0.940379
0.349865
0.802847
0.798095
0.626202
0.284534
0.0844173
0.45666
0.614453
0.420293
0.640879
0.0525904
0.618259
0.655104
0.76909
0.706824
0.443163
0.567751
0.375587
0.85268
0.291402
0.245169
0.116693
0.247959
0.289768
0.00859194
0.471665
0.473618
0.887242
0.755588
0.951233
0.117644
0.691881
0.457233
0.546847
0.464083
0.42521
0.693953
0.808472
0.929805
0.61681
0.913165
0.023976
0.969945
0.202539
0.819337
0.056387
0.981037
0.00949528
0.301678
0.961886
0.806856
0.406714
0.64808
0.694561
0.695357
0.227109
0.0672588
0.48784
0.448565
0.37234
0.799112
0.441803
0.195094
0.296017
0.267325
0.654571
0.201718
0.926602
0.333372
0.308254
0.0978861
0.488427
0.761565
0.503601
0.056688
0.722861
0.362402
0.096009
0.78285
0.385471
0.657998
0.122465
0.776789
0.392238
0.757766
0.388682
0.0440624
0.0208495
0.849176
0.528213
0.0293358
0.641233
0.203472
0.363996
0.784523
0.716393
0.803667
0.556963
0.126362
0.897552
0.801099
0.940564
0.591581
0.324519
0.023242
0.31955
0.0126875
0.080306
0.00934127
0.980652
0.336033
0.747019
0.813822
0.586425
0.354583
0.300458
0.890718
0.0996203
0.947348
0.616549
0.838718
0.312287
0.648941
0.100185
0.140294
0.673119
0.419138
0.531732
0.133395
0.811584
0.688476
0.384908
0.75221
0.620551
0.260227
0.220762
0.401703
0.580864
0.904263
0.631074
0.652578
0.0691261
0.40065
0.102214
0.53491
0.879436
0.539866
0.977928
0.596977
0.368511
0.851525
0.0964019
0.461187
0.380835
0.896808
0.987838
0.0623588
0.944814
0.865468
0.941935
0.454487
0.63687
0.309726
0.0760472
0.476741
0.287268
0.0511154
0.538324
0.778787
0.944828
0.718561
0.738056
0.621711
0.525675
0.829473
0.749744
0.930013
0.224253
0.841383
0.646385
0.48532
0.0943296
0.883751
0.84819
0.0724835
0.939606
0.347617
0.795997
0.248491
0.130358
0.407612
0.361249
0.760447
0.0366471
0.976959
0.93881
0.255607
0.547942
0.0546543
0.457038
0.531189
0.708772
0.905086
0.209168
0.242432
0.0918799
0.879823
0.707441
0.0822757
0.371055
0.0414344
0.522056
0.31662
0.706635
0.533263
0.94878
0.51254
0.545129
0.280029
0.799639
0.0694085
0.510356
0.938681
0.985565
0.341084
0.673322
0.209095
0.72064
0.498302
0.507757
0.349126
0.705194
0.615673
0.558132
0.253982
0.612651
0.592273
0.137238
0.692624
0.0609286
0.649163
0.893061
0.879724
0.960246
0.0748911
0.895158
0.408793
0.0944426
0.495185
0.66823
0.743776
0.69667
0.329155
0.501462
0.513078
0.926506
0.182555
0.322942
0.286377
0.940884
0.196626
0.638935
0.660024
0.103836
0.0212174
0.932467
0.575672
0.836264
0.559751
0.97062
0.0837381
0.0492119
0.629335
0.972424
0.741537
0.689284
0.133423
0.966616
0.450342
0.894436
0.376627
0.911726
0.736622
0.735153
0.547479
0.992187
0.161897
0.555788
0.768687
0.413455
0.670831
0.862633
0.203629
0.594061
0.255844
0.580619
0.607237
0.114508
0.352416
0.867217
0.226996
0.179282
0.161324
0.180722
0.0991702
0.185479
0.949896
0.763486
0.919833
0.148033
0.431692
0.863738
0.413725
0.190076
0.307833
0.767096
0.0641562
0.498444
0.97043
0.933889
0.115208
0.371903
0.254009
0.126141
0.320231
0.378749
0.00264286
0.489867
0.091842
0.433198
0.513767
0.717321
0.0524725
0.339289
0.104762
0.621884
0.638916
0.583181
0.294084
0.131776
0.349501
0.373937
0.603228
0.0440199
0.606322
0.478412
0.946956
0.565926
0.29436
0.220923
0.089081
0.669312
0.925627
0.306594
0.508699
0.989226
0.734444
0.961636
0.982558
0.54333
0.734163
0.926926
0.590979
0.779769
0.993984
0.379914
0.465928
0.919213
0.665841
0.365017
0.945676
0.527511
0.438573
0.417858
0.15769
0.720629
0.67781
0.562178
0.620127
0.682494
0.705854
0.730262
0.621
0.0796135
0.780689
0.336139
0.0477077
0.684364
0.534341
0.451521
0.438128
0.849203
0.0182552
0.61377
0.321215
0.0245144
0.782347
0.277834
0.0492065
0.0544771
0.456771
0.892694
0.560366
0.26732
0.186784
0.603426
0.530192
0.272375
0.0346135
0.198248
0.974865
0.943635
0.788866
0.766811
0.240739
0.954145
0.719493
0.255755
0.184942
0.345499
0.337772
0.174406
0.797912
0.750571
0.876447
0.613705
0.93316
0.852944
0.368447
0.0122216
0.625799
0.41819
0.6717
0.056934
0.268403
0.43577
0.970183
0.689276
0.672351
0.88317
0.619881
0.40115
0.0156313
0.567707
0.746348
0.614258
0.140589
0.34246
0.968759
0.132399
0.0393866
0.700674
0.361155
0.505756
0.613665
0.0138548
0.136875
0.771936
0.389461
0.553647
0.497204
0.167146
0.0437313
0.810237
0.692587
0.909026
0.388117
0.73537
0.236077
0.627642
0.0951982
0.840355
0.241084
0.529004
0.486991
0.659284
0.409691
0.114293
0.56329
0.312003
0.805295
0.0151819
0.458883
0.320893
0.0991533
0.434866
0.604259
0.668416
0.391478
0.110439
0.47755
0.258006
0.0872002
0.72338
0.631516
0.0301315
0.300068
0.902029
0.140567
0.899269
0.731475
0.410356
0.0296694
0.272337
0.76073
0.258066
0.271631
0.834554
0.0985703
0.310272
0.438593
0.37702
0.681339
0.63204
0.500266
0.114771
0.363903
0.624585
0.888348
0.364445
0.857969
0.862392
0.206697
0.38143
0.74536
0.19438
0.622558
0.815926
0.459314
0.202369
0.123525
0.0574814
0.40039
0.531088
0.0252865
0.409382
0.817926
0.256193
0.457476
0.240252
0.649879
0.427925
0.736954
0.641881
0.810558
0.2011
0.675197
0.921869
0.0101768
0.987607
0.668353
0.594469
0.876154
0.662673
0.330744
0.849563
0.108708
0.134722
0.0711564
0.272612
0.557347
0.222036
0.125745
0.830124
0.237367
0.511733
0.637561
0.521226
0.15401
0.147678
0.400072
0.640507
0.141587
0.219297
0.922539
0.0201364
0.63438
0.348538
0.0620021
0.60485
0.856685
0.137462
0.254065
0.49349
0.214688
0.434638
0.668293
0.0196467
0.073931
0.991179
0.572252
0.0722313
0.210272
0.949271
0.609016
0.000392446
0.697089
0.676668
0.437046
0.448368
0.57102
0.866009
0.439195
0.743458
0.376945
0.872417
0.616349
0.109317
0.508541
0.73273
0.859613
0.350762
0.63694
0.653349
0.660154
0.14461
0.0609154
0.618987
0.846435
0.24143
0.0719411
0.366493
0.874147
0.654557
0.815093
0.754624
0.553401
0.486639
0.834496
0.327991
0.153499
0.0967865
0.989746
0.135153
0.772921
0.401264
0.131491
0.598287
0.186416
0.496434
0.992259
0.127926
0.268581
0.605541
0.753749
0.346821
0.32227
0.705425
0.387785
0.608749
0.281046
0.480685
0.220772
0.0610819
0.475337
0.514647
0.638407
0.808006
0.481359
0.950565
0.602843
0.477991
0.418469
0.956966
0.945561
0.731994
0.977345
0.504494
0.281902
0.869272
0.0659072
0.312332
0.00157086
0.632317
0.904126
0.462484
0.466225
0.525688
0.399081
0.608787
0.332708
0.277341
0.0608107
0.559044
0.0521772
0.859167
0.67559
0.423839
0.834004
0.453915
0.258315
0.881097
0.497886
0.118665
0.461581
0.105655
0.134897
0.864655
0.666649
0.439456
0.414527
0.520908
0.886356
0.980848
0.350313
0.297384
0.101667
0.387693
0.252701
0.358143
0.848051
0.737523
0.924287
0.367008
0.568119
0.304959
0.819641
0.115857
0.845355
0.499695
0.219468
0.559594
0.0664149
0.0157537
0.267418
0.469843
0.321118
0.177941
0.395909
0.516034
0.397302
0.655544
0.77219
0.87516
0.0606248
0.494051
0.808742
0.230729
0.123342
0.451318
0.815508
0.738624
0.338217
0.906407
0.824978
0.379222
0.90778
0.89326
0.353507
0.358612
0.0186392
0.643157
0.00837403
0.843785
0.0351589
0.615251
0.0206091
0.216543
0.796529
0.0608812
0.925945
0.382398
0.922844
0.929856
0.802281
0.534474
0.49722
0.808178
0.665787
0.503856
0.479419
0.102572
0.885629
0.32474
0.276598
0.119987
0.597208
0.202467
0.540446
0.340457
0.694969
0.0370789
0.166033
0.72414
0.400944
0.131802
0.272516
0.205312
0.127577
0.382248
0.649637
0.909364
0.645846
0.0408933
0.814394
0.888338
0.403433
0.092364
0.357398
0.282647
0.84569
0.027161
0.0139198
0.026145
0.661618
0.661228
0.0699258
0.883547
0.0870889
0.0239523
0.936409
0.948337
0.0574635
0.908304
0.509862
0.669792
0.766153
0.25111
0.658155
0.421967
0.596997
0.354609
0.479262
0.13622
0.992279
0.863726
0.0522472
0.711854
0.102835
0.651702
0.439855
0.0629566
0.222078
0.651341
0.249495
0.922726
0.436101
0.110878
0.426727
0.539413
0.58315
0.635753
0.723591
0.520149
0.598579
0.325391
0.450303
0.441466
0.797535
0.957578
0.960487
0.133071
0.906571
0.0243549
0.600333
0.0817191
0.689258
0.655356
0.101627
0.357929
0.900135
0.294406
0.470891
0.29496
0.613181
0.808174
0.825616
0.432191
0.600008
0.191675
0.535824
0.135351
0.148599
0.793498
0.0965757
0.0536015
0.0830181
0.661624
0.649469
0.95137
0.743179
0.997203
0.724984
0.321673
0.541697
0.479702
0.288126
0.56308
0.605974
0.975222
0.119263
0.754831
0.145258
0.440099
0.835466
0.910622
0.0960289
0.177517
0.32407
0.594302
0.464469
0.0139094
0.445789
0.38824
0.905911
0.750837
0.73559
0.688676
0.595135
0.251386
0.393704
0.334195
0.562118
0.453452
0.30533
0.2369
0.937082
0.598623
0.710481
0.473416
0.665194
0.879889
0.843509
0.792715
0.051345
0.406728
0.720417
0.509908
0.356292
0.363479
0.306046
0.432455
0.311782
0.24701
0.383105
0.297309
0.77979
0.183015
0.679216
0.174713
0.811615
0.540977
0.751864
0.8432
0.854232
0.514971
0.471138
0.958752
0.894163
0.901958
0.65409
0.478039
0.622904
0.327405
0.186895
0.834451
0.834891
0.166603
0.632272
0.704527
0.315593
0.457289
0.522806
0.974679
0.885764
0.884388
0.920377
0.719089
0.00518106
0.793888
0.654627
0.877714
0.800576
0.179876
0.318261
0.145822
0.76462
0.365179
0.273235
0.570714
0.488091
0.558413
0.135607
0.271379
0.037248
0.0188775
0.120488
0.405347
0.99762
0.199953
0.556417
0.856762
0.618026
0.967824
0.610534
0.441249
0.755922
0.127437
0.592912
0.0728579
0.852901
0.533685
0.877913
0.564078
0.664798
0.56418
0.584087
0.275486
0.105295
0.596294
0.158631
0.817006
0.839368
0.0475367
0.568469
0.375684
0.0977105
0.976449
0.506819
0.0416823
0.275493
0.840227
0.773499
0.649381
0.0769516
0.609627
0.0143824
0.901734
0.0533948
0.0774777
0.255134
0.155856
0.791493
0.168614
0.830748
0.932905
0.276937
0.133255
0.131733
0.553892
0.181845
0.985909
0.327201
0.271175
0.731672
0.592303
0.492792
0.777683
0.464829
0.929771
0.109046
0.418499
0.0374739
0.274121
0.949773
0.231535
0.956381
0.176374
0.384984
0.648321
0.886819
0.105522
0.413674
0.9176
0.45618
0.238637
0.0123073
0.212342
0.402364
0.587196
0.880607
0.922487
0.603661
0.0822154
0.462723
0.297414
0.571806
0.889374
0.718536
0.626927
0.126438
0.44049
0.218383
0.129561
0.822093
0.642375
0.227072
0.754175
0.450455
0.588888
0.139161
0.676286
0.570994
0.21803
0.922925
0.172587
0.712677
0.587532
0.368797
0.482913
0.219892
0.323271
0.945811
0.650916
0.152647
0.870664
0.467329
0.389966
0.753123
0.73416
0.257483
0.402096
0.530716
0.737581
0.440114
0.277269
0.582251
0.546638
0.00512985
0.744417
0.297395
0.783277
0.517512
0.274261
0.52187
0.251398
0.373671
0.34283
0.502572
0.820586
0.806463
0.4344
0.555395
0.239651
0.527143
0.429309
0.111692
0.835558
0.246864
0.352271
0.0822956
0.0141748
0.905747
0.337871
0.983192
0.520275
0.813285
0.0625134
0.194671
0.641472
0.531133
0.291309
0.508654
0.234532
0.197298
0.112982
0.52195
0.206727
0.409831
0.0933884
0.764223
0.551099
0.438464
0.12223
0.754201
0.216453
0.354714
0.943621
0.364315
0.894605
0.88723
0.226721
0.842902
0.624174
0.134624
0.703389
0.110491
0.200579
0.0318796
0.677516
0.163843
0.487722
0.57643
0.964733
0.0492543
0.912521
0.0382371
0.893864
0.831373
0.099011
0.771435
0.74771
0.65016
0.259651
0.318337
0.800739
0.710797
0.558479
0.8576
0.105138
0.102544
0.605006
0.22027
0.0637998
0.200496
0.0155736
0.894768
0.85713
0.686603
0.718298
0.44669
0.137093
0.856738
0.82774
0.668333
0.324407
0.917438
0.273599
0.32037
0.694335
0.95292
0.067052
0.705159
0.0752285
0.701487
0.922925
0.350778
0.110081
0.649951
0.77764
0.570342
0.116656
0.693139
0.912889
0.0263808
0.203498
0.355925
0.447536
0.312877
0.872532
0.24718
0.0161848
0.161346
0.688439
0.376577
0.213699
0.81355
0.289945
0.983971
0.966318
0.403551
0.709458
0.849507
0.528695
0.133063
0.946432
0.821402
0.667554
0.208972
0.693144
0.381112
0.24961
0.956372
0.57071
0.910021
0.483087
0.682622
0.7504
0.181315
0.99733
0.60369
0.810538
0.145054
0.184108
0.405958
0.097477
0.144998
0.873302
0.148207
0.824118
0.712546
0.428721
0.172133
0.62063
0.644559
0.476127
0.357782
0.396399
0.633049
0.651527
0.168023
0.0831262
0.464431
0.017605
0.206302
0.94553
0.309367
0.676941
0.344578
0.118959
0.870559
0.475837
0.865906
0.211073
0.4691
0.785193
0.604108
0.273361
0.636861
0.475727
0.991222
0.914137
0.295351
0.918062
0.87955
0.46951
0.00887729
0.927973
0.637598
0.573194
0.61005
0.530395
0.0368724
0.237143
0.381399
0.168728
0.450258
0.471876
0.0791605
0.360151
0.88427
0.640515
0.698574
0.807587
0.830238
0.123605
0.54391
0.928144
0.802008
0.101637
0.133475
0.43242
0.556987
0.409319
0.277057
0.273312
0.260832
0.876363
0.876568
0.824953
0.0389795
0.226925
0.37738
0.480813
0.367909
0.612218
0.0340461
0.301105
0.456494
0.732576
0.0799106
0.624683
0.82495
0.499963
0.161691
0.567518
0.873333
0.455818
0.433816
0.27787
0.436777
0.429601
0.506118
0.64929
0.0764216
0.00536836
0.432651
0.210266
0.913429
0.688325
0.431482
0.371432
0.210749
0.605377
0.468235
0.471953
0.768897
0.320518
0.448379
0.198823
0.196759
0.807473
0.765681
0.712611
0.489824
0.930497
0.31185
0.121562
0.755311
0.96595
0.832072
0.671446
0.186641
0.396613
0.761503
0.273015
0.516982
0.844474
0.838658
0.512982
0.670841
0.0277757
0.789662
0.554183
0.32775
0.116602
0.537476
0.612028
0.845198
0.264336
0.703946
0.448185
0.988241
0.20204
0.081156
0.594741
0.26159
0.551663
0.964019
0.662775
0.822992
0.297915
0.0936062
0.901165
0.720586
0.916181
0.843777
0.597304
0.654483
0.575227
0.37342
0.936683
0.442308
0.960945
0.286949
0.758282
0.319395
0.599516
0.557953
0.387728
0.722352
0.956527
0.254511
0.893603
0.263934
0.460751
0.64019
0.632721
0.93177
0.297351
0.63291
0.596844
0.287115
0.373832
0.126213
0.869901
0.369392
0.51985
0.700915
0.804119
0.0490761
0.993548
0.8602
0.175417
0.838704
0.207155
0.936835
0.713392
0.0214785
0.634756
0.991528
0.510247
0.403813
0.694788
0.721719
0.308416
0.624163
0.0794717
0.345313
0.498087
0.294376
0.191534
0.0569264
0.123655
0.992111
0.823756
0.624317
0.280187
0.811341
0.867634
0.262851
0.940679
0.155223
0.18288
0.38613
0.618043
0.976214
0.0209987
0.104357
0.570029
0.83236
0.168235
0.362181
0.631529
0.539206
0.858598
0.83982
0.410169
0.332485
0.393077
0.297045
0.324671
0.823732
0.643919
0.0881631
0.534858
0.142536
0.509603
0.0496115
0.122516
0.754826
0.14279
0.40425
0.784575
0.414094
0.584223
0.71779
0.973388
0.102902
0.690273
0.700142
0.790282
0.161723
0.271446
0.925185
0.763448
0.190287
0.00379434
0.477704
0.765413
0.164473
0.403068
0.121426
0.36813
0.804046
0.9848
0.0253472
0.458206
0.86791
0.323008
0.581396
0.664153
0.234146
0.704768
0.950785
0.0990115
0.747213
0.558974
0.926727
0.657786
0.418291
0.540194
0.220514
0.362831
0.963588
0.290451
0.414628
0.894863
0.0109477
0.989975
0.012147
0.697804
0.172979
0.534019
0.523234
0.365287
0.925087
0.867603
0.303215
0.106962
0.593535
0.682774
0.498873
0.999209
0.409039
0.139895
0.798519
0.105239
0.222789
0.928932
0.883195
0.288656
0.377256
0.421773
0.660252
0.133694
0.867837
0.401063
0.824369
0.392532
0.5376
0.443864
0.3846
0.312813
0.997444
0.540969
0.917601
0.263647
0.224693
0.166502
0.109946
0.905166
0.709639
0.0980854
0.422806
0.725074
0.299663
0.284276
0.82511
0.704921
0.288833
0.360398
0.562607
0.316038
0.975669
0.212353
0.937943
0.49455
0.0298027
0.242891
0.468902
0.513294
0.0147488
0.611747
0.466639
0.929683
0.344882
0.192706
0.843105
0.930068
0.0235212
0.282138
0.178362
0.477579
0.132167
0.715912
0.685933
0.0763987
0.303155
0.447076
0.486254
0.860997
0.206307
0.148082
0.565632
0.633422
0.343
0.805689
0.0847287
0.909963
0.0389809
0.53433
0.899565
0.671867
0.90683
0.183475
0.232874
0.379999
0.233213
0.00616525
0.508153
0.0860621
0.748804
0.748094
0.0247152
0.401595
0.606562
0.800887
0.477454
0.332333
0.843827
0.805305
0.482806
0.246806
0.906634
0.778497
0.308042
0.0663825
0.460556
0.440945
0.360715
0.351488
0.294049
0.87307
0.968818
0.242651
0.72634
0.0669485
0.840335
0.593929
0.134131
0.798714
0.659967
0.121434
0.86957
0.303884
0.928624
0.161732
0.375839
0.522412
0.57997
0.872858
0.277276
0.256621
0.67405
0.106622
0.569106
0.693682
0.263081
0.289887
0.263986
0.305203
0.460794
0.12035
0.685782
0.116537
0.0601749
0.769059
0.876142
0.670896
0.736804
0.967563
0.219581
0.688926
0.745687
0.269944
0.683941
0.563944
0.920035
0.911044
0.553329
0.595707
0.946611
0.684118
0.531555
0.676619
0.905032
0.826107
0.469464
0.373539
0.945025
0.651924
0.276475
0.421348
0.588372
0.252347
0.656317
0.232822
0.167991
0.0518252
0.205939
0.144404
0.28951
0.697545
0.626935
0.409696
0.553571
0.46368
0.47538
0.377551
0.671912
0.440711
0.907987
0.902711
0.507544
0.0137578
0.935621
0.620847
0.154359
0.111148
0.304715
0.96303
0.823232
0.124936
0.546142
0.730727
0.838753
0.085919
0.816542
0.350048
0.747372
0.792358
0.260586
0.0546058
0.337018
0.190972
0.616484
0.0754655
0.225735
0.156352
0.0155459
0.413637
0.311098
0.597509
0.220776
0.559645
0.575173
0.706852
0.0102489
0.0967904
0.593937
0.734343
0.815721
0.690195
0.249868
0.198914
0.404195
0.218015
0.543524
0.860666
0.39421
0.893578
0.21591
0.852388
0.513607
0.835054
0.505633
0.891143
0.237119
0.677117
0.823186
0.239047
0.722306
0.905485
0.301464
0.627486
0.458166
0.00707806
0.63627
0.587938
0.394228
0.832858
0.239186
0.758044
0.123116
0.863768
0.936515
0.691161
0.969089
0.140378
0.296428
0.591294
0.872748
0.890264
0.348135
0.105567
0.0609542
0.55695
0.38262
0.224494
0.00888258
0.877179
0.254225
0.217776
0.977898
0.164595
0.0743097
0.587758
0.741449
0.350718
0.752064
0.837933
0.604656
0.545581
0.594755
0.284804
0.562076
0.178233
0.0385182
0.999924
0.982247
0.858599
0.675796
0.129547
0.192371
0.256048
0.196107
0.926436
0.125479
0.484996
0.686418
0.0889178
0.519681
0.0901621
0.479646
0.379202
0.273792
0.0649608
0.58729
0.788003
0.975075
0.493018
0.0348384
0.70482
0.614956
0.926765
0.684809
0.444
0.0890587
0.818957
0.145087
0.868117
0.845185
0.186783
0.666303
0.246416
0.596212
0.849827
0.241158
0.687149
0.472297
0.180592
0.678853
0.64744
0.777779
0.223576
0.690124
0.0374251
0.69361
0.73482
0.0710471
0.0141169
0.385634
0.654972
0.297062
0.449706
0.515668
0.988089
0.416683
0.401891
0.407483
0.57984
0.713746
0.954282
0.836103
0.446789
0.0117204
0.653566
0.0391072
0.927885
0.271664
0.210306
0.802057
0.080255
0.795141
0.4222
0.725274
0.630923
0.750744
0.875144
0.463585
0.965087
0.705447
0.796213
0.517329
0.719147
0.406021
0.469782
0.183246
0.910329
0.862419
0.393982
0.146443
0.277298
0.0301417
0.0439828
0.0729314
0.722321
0.0423992
0.0269315
0.176978
0.21067
0.419976
0.877456
0.335723
0.464699
0.368501
0.66316
0.879229
0.380688
0.916389
0.552598
0.85493
0.240425
0.351707
0.975626
0.559879
0.712439
0.976371
0.50456
0.702017
0.621769
0.464266
0.547744
0.209298
0.430994
0.944331
0.187444
0.231561
0.074053
0.553514
0.473215
0.908348
0.72866
0.0674123
0.178345
0.289794
0.384774
0.269189
0.167155
0.28221
0.980956
0.56358
0.080468
0.972279
0.784777
0.676411
0.923895
0.576162
0.82886
0.503035
0.23692
0.926831
0.296307
0.767224
0.747976
0.0143187
0.243394
0.0984705
0.706508
0.308663
0.872685
0.849793
0.604726
0.975497
0.417205
0.410791
0.934785
0.465761
0.518674
0.660464
0.821915
0.305128
0.336251
0.0566878
0.930708
0.325455
0.219752
0.384985
0.775149
0.126657
0.445161
0.775799
0.932731
0.100336
0.359315
0.128696
0.553112
0.651418
0.411809
0.514908
0.927039
0.278528
0.438954
0.571496
0.530916
0.43647
0.378541
0.867248
0.242914
0.978878
0.974786
0.108399
0.563657
0.943303
0.612312
0.581434
0.138304
0.298016
0.0913422
0.483982
0.348539
0.802648
0.170912
0.497567
0.246555
0.262716
0.203884
0.836991
0.613915
0.217157
0.456487
0.593005
0.778251
0.815023
0.269679
0.240671
0.858985
0.0775968
0.719798
0.874458
0.643878
0.327867
0.23803
0.00977786
0.0817046
0.207106
0.340712
0.294698
0.0238869
0.39205
0.781257
0.185609
0.518397
0.840258
0.0935174
0.453553
0.2489
0.802598
0.682619
0.246796
0.240239
0.0481174
0.246336
0.407995
0.325436
0.184656
0.745573
0.223062
0.515031
0.0885885
0.835966
0.206237
0.480044
0.768671
0.196562
0.0537388
0.60042
0.508947
0.00686131
0.671168
0.268991
0.501786
0.456336
0.0506102
0.785138
0.188021
0.288502
0.878327
0.94939
0.590823
0.472955
0.700933
0.942665
0.57743
0.707378
0.55602
0.0758505
0.0915322
0.207011
0.334408
0.274085
0.419724
0.921771
0.928526
0.0965881
0.077299
0.843878
0.566706
0.953507
0.533543
0.0486581
0.513981
0.415458
0.48414
0.614134
0.977359
0.914563
0.659524
0.445925
0.072187
0.606741
0.849782
0.222899
0.261236
0.87134
0.383768
0.212881
0.324088
0.620372
0.981585
0.929225
0.693729
0.643673
0.687702
0.840219
0.859993
0.422727
0.809096
0.155548
0.561022
0.453294
0.631008
0.0317616
0.00338559
0.640179
0.254636
0.889132
0.27781
0.368007
0.877635
0.882135
0.896016
0.852863
0.197679
0.824553
0.913031
0.285018
0.619209
0.791858
0.24259
0.850563
0.783264
0.693309
0.460308
0.815157
0.777184
0.940221
0.109685
0.556319
0.404736
0.00355407
0.424687
0.238519
0.706596
0.349871
0.618738
0.99176
0.320163
0.379374
0.659143
0.0731946
0.837527
0.690645
0.0509415
0.465107
0.375783
0.44675
0.849485
0.456439
0.374677
0.225545
0.562187
0.869092
0.280735
0.903315
0.473006
0.635495
0.810313
0.925176
0.705821
0.952722
0.516226
0.870452
0.349849
0.254031
0.95544
0.308939
0.346841
0.854945
0.662728
0.022303
0.99248
0.496235
0.922556
0.333411
0.39114
0.551882
0.694861
0.757356
0.727884
0.178178
0.580172
0.855168
0.306455
0.0915923
0.86121
0.573038
0.994692
0.996046
0.172104
0.0822858
0.81896
0.96105
0.833992
0.10138
0.627125
0.661757
0.617781
0.408378
0.24259
0.558488
0.148592
0.41462
0.213558
0.545481
0.871407
0.1988
0.0296835
0.1469
0.995317
0.569605
0.653968
0.540583
0.0958668
0.976134
0.287253
0.749224
0.218244
0.755362
0.097157
0.382753
0.480326
0.465496
0.0916862
0.638561
0.773308
0.766476
0.218882
0.328234
0.980398
0.36844
0.566608
0.413839
0.549812
0.191703
0.212879
0.160531
0.200524
0.482066
0.89534
0.207209
0.303684
0.401596
0.139987
0.636162
0.802725
0.546164
0.670649
0.954402
0.348235
0.200955
0.801863
0.416627
0.847442
0.658801
0.0275557
0.283666
0.399804
0.33348
0.890022
0.369177
0.394474
0.486581
0.922364
0.0298598
0.258151
0.878938
0.801763
0.483787
0.847635
0.232434
0.849546
0.677449
0.244747
0.135058
0.34366
0.702512
0.111961
0.430901
0.00802441
0.070939
0.959518
0.61836
0.303797
0.410775
0.133052
0.561167
0.330801
0.602079
0.871842
0.987329
0.68997
0.682019
0.165018
0.89003
0.0962496
0.985657
0.382666
0.539638
0.467511
0.484855
0.678993
0.265918
0.824503
0.578852
0.339407
0.539617
0.350738
0.487462
0.538683
0.531236
0.858074
0.233071
0.985283
0.634523
0.448758
0.799677
0.79416
0.167072
0.99871
0.437005
0.77871
0.0817976
0.791638
0.688475
0.548812
0.26448
0.196732
0.515944
0.270113
0.681278
0.293717
0.0537323
0.177065
0.942414
0.653993
0.805916
0.321233
0.84046
0.668633
0.925263
0.772676
0.172697
0.277233
0.477045
0.224226
0.636469
0.839233
0.534606
0.27381
0.336606
0.674561
0.371043
0.364756
0.4123
0.259121
0.492366
0.259397
0.904186
0.212429
0.0421411
0.450511
0.925794
0.111025
0.0769568
0.388758
0.815156
0.83529
0.927725
0.856897
0.886378
0.944001
0.288247
0.109147
0.339948
0.0869631
0.497512
0.222216
0.700509
0.595116
0.649906
0.584417
0.223048
0.305444
0.549593
0.308855
0.614862
0.165472
0.389668
0.605034
0.90931
0.258165
0.0777815
0.520655
0.866666
0.272806
0.114647
0.488284
0.770828
0.713016
0.171284
0.774467
0.259603
0.250482
0.888683
0.45091
0.186668
0.695602
0.28507
0.396388
0.503614
0.290657
0.255229
0.545845
0.432817
0.0218623
0.386152
0.259017
0.504875
0.391967
0.715344
0.936816
0.404711
0.919042
0.493687
0.0384264
0.182737
0.964795
0.38917
0.481603
0.989811
0.359822
0.930191
0.680212
0.254636
0.840964
0.0301903
0.689016
0.750951
0.843842
0.583532
0.483181
0.888981
0.0730978
0.844106
0.241571
0.292318
0.606834
0.520261
0.420422
0.18583
0.676115
0.875219
0.813237
0.31616
0.146314
0.424278
0.394301
0.0241297
0.444298
0.258177
0.213918
0.897399
0.512467
0.321211
0.628803
0.386533
0.999552
0.66965
0.298943
0.961295
0.812601
0.909232
0.683705
0.254025
0.835862
0.962794
0.674637
0.480895
0.849419
0.167554
0.889788
0.252011
0.267833
0.21655
0.883779
0.347661
0.911164
0.136559
0.768318
0.896435
0.645737
0.547173
0.958926
0.0909045
0.869334
0.896083
0.186332
0.55124
0.022665
0.574288
0.0924733
0.256029
0.982492
0.34274
0.0956027
0.352813
0.69774
0.225961
0.787502
0.135752
0.819292
0.626736
0.706843
0.270368
0.909255
0.873156
0.347452
0.0043757
0.168688
0.0896473
0.0707472
0.397354
0.582463
0.0918542
0.523566
0.136317
0.081875
0.741164
0.112669
0.901703
0.41761
0.214432
0.102045
0.0542532
0.127276
0.895641
0.819779
0.541975
0.805133
0.453664
0.925961
0.164328
0.960353
0.929957
0.753898
0.423435
0.359074
0.0863454
0.595617
0.130725
0.584078
0.655023
0.326026
0.827441
0.302487
0.391372
0.669707
0.552354
0.725003
0.985024
0.841475
0.51545
0.0351168
0.0798674
0.144562
0.780171
0.740242
0.43144
0.416743
0.971078
0.536888
0.918732
0.857911
0.969453
0.434643
0.75291
0.443089
0.450618
0.699751
0.664925
0.613045
0.219835
0.940076
0.0831868
0.3195
0.357354
0.769825
0.0535946
0.117072
0.28713
0.793849
0.0126285
0.200146
0.877858
0.212926
0.818617
0.302655
0.685839
0.373492
0.225051
0.899627
0.0852618
0.412557
0.488017
0.898975
0.778647
0.232066
0.900669
0.0925831
0.376585
0.225529
0.224713
0.159549
0.326188
0.976912
0.381713
0.597682
0.87809
0.865059
0.0614138
0.591135
0.374521
0.0518489
0.218658
0.386362
0.203216
0.54141
0.259745
0.781178
0.297074
0.632864
0.65639
0.322249
0.365152
0.766161
0.00970711
0.0758707
0.812356
0.657646
0.39899
0.367587
0.416855
0.0379146
0.0570714
0.579649
0.441489
0.274561
0.94964
0.462029
0.971988
0.813347
0.288085
0.322245
0.734175
0.23152
0.987004
0.293834
0.243129
0.826943
0.197531
0.0827368
0.247208
0.511715
0.658588
0.631857
0.0548787
0.454607
0.744231
0.766392
0.423662
0.523836
0.0359432
0.723233
0.7762
0.538136
0.202408
0.669667
0.825866
0.873871
0.737903
0.81975
0.656205
0.264342
0.758939
0.0524686
0.431552
0.572149
0.593412
0.0882356
0.303852
0.312682
0.314255
0.625283
0.357578
0.0690775
0.00603023
0.5692
0.719341
0.414317
0.860178
0.478158
0.473798
0.394009
0.294426
0.378808
0.769608
0.790575
0.294986
0.300785
0.263003
0.0674353
0.905862
0.0487966
0.624356
0.909162
0.236204
0.393344
0.247405
0.638637
0.869676
0.0935467
0.801437
0.585368
0.325567
0.722007
0.636449
0.670428
0.344986
0.101785
0.612971
0.884202
0.889152
0.00709584
0.168913
0.417375
0.873762
0.933074
0.848878
0.778193
0.744361
0.195729
0.154446
0.389506
0.52847
0.880391
0.90158
0.840797
0.233922
0.552726
0.268332
0.878934
0.306739
0.730825
0.35495
0.337661
0.19663
0.775343
0.526251
0.636645
0.366587
0.119037
0.753914
0.283965
0.402294
0.799048
0.200927
0.798537
0.675749
0.144526
0.518865
0.326048
0.143928
0.557046
0.578998
0.582965
0.113182
0.448465
0.91902
0.326039
0.775157
0.141286
0.265208
0.0569732
0.358368
0.368737
0.676249
0.0997993
0.181384
0.232542
0.482194
0.831947
0.551499
0.662643
0.764835
0.823529
0.726401
0.16096
0.595368
0.797843
0.155025
0.726293
0.420387
0.556051
0.381391
0.705072
0.307475
0.99699
0.857687
0.3416
0.954861
0.0780503
0.39188
0.73034
0.250757
0.940826
0.122443
0.0218927
0.718681
0.449856
0.441797
0.537594
0.841673
0.984612
0.61832
0.151137
0.535735
0.809966
0.305659
0.544757
0.407494
0.559399
0.177349
0.246612
0.484713
0.880137
0.826509
0.955343
0.0690051
0.85934
0.379862
0.136953
0.0507025
0.695543
0.595018
0.0577509
0.6795
0.840223
0.0101074
0.942792
0.286961
0.8565
0.32952
0.301666
0.261241
0.609669
0.0790669
0.544258
0.880274
0.861104
0.822017
0.972257
0.503321
0.687513
0.878946
0.16566
0.285837
0.69128
0.369628
0.0374796
0.0131224
0.935787
0.0590494
0.130761
0.660931
0.532995
0.124873
0.0251974
0.038276
0.263766
0.160614
0.839906
0.728932
0.97574
0.407367
0.648405
0.706243
0.455435
0.0631088
0.658453
0.522423
0.922855
0.445847
0.22607
0.0603668
0.0113376
0.881977
0.840816
0.470789
0.0218503
0.927857
0.679499
0.0168507
0.229031
0.727981
0.233168
0.526393
0.70904
0.793934
0.626445
0.666395
0.859774
0.258058
0.174466
0.746499
0.358093
0.887232
0.0782555
0.731382
0.513268
0.830091
0.203526
0.884087
0.704937
0.147522
0.920103
0.589991
0.326205
0.983474
0.151174
0.844968
0.96086
0.109423
0.691457
0.712693
0.997325
0.442022
0.00542273
0.142507
0.173298
0.402389
0.304361
0.299995
0.337783
0.672911
0.350888
0.919454
0.787585
0.58787
0.863855
0.397633
0.814427
0.72203
0.558331
0.599243
0.83798
0.591507
0.865161
0.964863
0.303298
0.900787
0.35625
0.91948
0.0758741
0.405859
0.114827
0.797898
0.262908
0.544367
0.880841
0.0692679
0.857187
0.769174
0.97014
0.810521
0.270976
0.887364
0.810305
0.469209
0.710052
0.548329
0.694669
0.0351311
0.468841
0.0869226
0.647092
0.377297
0.0564888
0.421593
0.567549
0.100014
0.00934183
0.165721
0.928749
0.340562
0.458092
0.0771047
0.784194
0.749236
0.2958
0.923341
0.256973
0.854164
0.136688
0.889193
0.910634
0.164286
0.367787
0.853869
0.478857
0.813265
0.267965
0.221771
0.904569
0.0351812
0.809594
0.385562
0.616037
0.00626975
0.612966
0.971187
0.270548
0.582208
0.457994
0.492525
0.546433
0.497028
0.486058
0.438115
0.771366
0.98787
0.0840264
0.788479
0.992122
0.901911
0.165339
0.15073
0.0289403
0.950506
0.430909
0.0487218
0.922603
0.575299
0.473167
0.168423
0.358659
0.51601
0.34045
0.775132
0.259808
0.160417
0.0747744
0.793378
0.788989
0.158501
0.580456
0.250425
0.0220168
0.0200802
0.416041
0.673322
0.223957
0.405259
0.865437
0.347553
0.122197
0.445339
0.297964
0.612332
0.250989
0.820934
0.241201
0.473612
0.891865
0.727798
0.317618
0.0898083
0.719628
0.665295
0.34566
0.960261
0.452326
0.287176
0.00470062
0.0417145
0.434983
0.635954
0.561818
0.204825
0.0641696
0.381633
0.726691
0.205388
0.0117308
0.236502
0.596204
0.160833
0.8092
0.892389
0.409777
0.525446
0.358071
0.789062
0.170068
0.429174
0.381727
0.516612
0.124675
0.480972
0.60788
0.054557
0.574797
0.0996176
0.248098
0.176113
0.284126
0.510556
0.497228
0.693822
0.980184
0.177805
0.131511
0.481698
0.846604
0.856567
0.472183
0.136858
0.226663
0.786467
0.365778
0.00645106
0.230064
0.921367
0.0057706
0.995043
0.0745776
0.716394
0.378973
0.0312296
0.191395
0.591154
0.78253
0.31469
0.588578
0.927059
0.279145
0.0173223
0.383974
0.641593
0.492051
0.733592
0.477545
0.467709
0.647738
0.662694
0.0260211
0.694283
0.51636
0.695438
0.779467
0.420741
0.0944065
0.611751
0.40788
0.455006
0.945315
0.594251
0.116849
0.200617
0.799608
0.885651
0.124553
0.0270119
0.0584442
0.825271
0.56517
0.326433
0.280347
0.999724
0.122267
0.228394
0.839301
0.558661
0.825551
0.167864
0.0619334
0.567858
0.168523
0.477547
0.653597
0.28926
0.382183
0.933399
0.492021
0.517659
0.921938
0.254275
0.294786
0.0257024
0.499855
0.105574
0.449114
0.403864
0.187096
0.485279
0.0925485
0.26551
0.98088
0.178276
0.906632
0.282443
0.207048
0.263313
0.259058
0.667799
0.16772
0.853678
0.00967968
0.102294
0.981993
0.46171
0.862869
0.91922
0.638343
0.0546371
0.732083
0.446775
0.555094
0.340682
0.72136
0.219552
0.23983
0.388821
0.850962
0.687568
0.881833
0.478161
0.473355
0.750615
0.128075
0.187856
0.928974
0.699508
0.963649
0.256477
0.0189864
0.170599
0.792081
0.16856
0.343836
0.781159
0.266702
0.738511
0.299777
0.0999833
0.681704
0.895918
0.147284
0.195802
0.0640455
0.341378
0.28086
0.744858
0.840333
0.448287
0.392703
0.988553
0.688693
0.716714
0.747198
0.474619
0.556878
0.347658
0.12963
0.135845
0.209501
0.231779
0.000761139
0.734573
0.377315
0.382064
0.891472
0.718043
0.179074
0.834626
0.243756
0.836219
0.587651
0.615723
0.347197
0.165962
0.499243
0.1527
0.111563
0.267839
0.38564
0.422988
0.457101
0.3224
0.33184
0.317
0.905918
0.181899
0.878922
0.594236
0.68029
0.898681
0.823628
0.272648
0.359315
0.885504
0.0329513
0.668309
0.655483
0.301698
0.492034
0.994354
0.010532
0.407819
0.993709
0.597606
0.17674
0.246552
0.368396
0.344143
0.57002
0.926531
0.594039
0.393756
0.548708
0.407339
0.798316
0.926024
0.614513
0.0329268
0.495495
0.956733
0.20023
0.123274
0.159442
0.882048
0.319809
0.336887
0.591241
0.189902
0.252812
0.655536
0.820561
0.770875
0.172448
0.730554
0.701981
0.248586
0.80261
0.0589618
0.193264
0.723714
0.247185
0.817124
0.322471
0.403527
0.36858
0.205908
0.287113
0.359098
0.943545
0.770738
0.438913
0.231141
0.800308
0.00649777
0.2791
0.135564
0.174186
0.767881
0.533813
0.540214
0.92834
0.403245
0.711661
0.302379
0.0194623
0.758621
0.261708
0.769008
0.0826879
0.607203
0.876803
0.935642
0.591187
0.907354
0.433902
0.788144
0.0829646
0.605553
0.760912
0.501568
0.174816
0.397246
0.853004
0.995796
0.947678
0.0797879
0.659346
0.76934
0.617868
0.981562
0.414984
0.724713
0.166945
0.477214
0.596413
0.071066
0.49993
0.951578
0.852757
0.423822
0.470309
0.893356
0.13418
0.66951
0.89217
0.562076
0.854269
0.426771
0.375616
0.591845
0.00157307
0.332699
0.733374
0.433924
0.389703
0.839733
0.867998
0.283682
0.0137902
0.436527
0.687202
0.508611
0.607373
0.600683
0.217531
0.871521
0.257016
0.184253
0.502414
0.866186
0.529618
0.191524
0.79865
0.948392
0.914515
0.394778
0.996384
0.991532
0.739229
0.0200395
0.719248
0.582707
0.909576
0.447259
0.561889
0.636572
0.997343
0.815593
0.289437
0.291073
0.922064
0.862709
0.047255
0.684231
0.506472
0.833028
0.725826
0.899702
0.00661982
0.064239
0.471907
0.989558
0.659213
0.149024
0.0877977
0.750453
0.45301
0.31517
0.409954
0.330932
0.229198
0.902758
0.141862
0.246321
0.17368
0.619447
0.305162
0.601793
0.346348
0.0595222
0.783515
0.07701
0.869345
0.593473
0.157686
0.623793
0.579863
0.626764
0.250576
0.548177
0.530232
0.897983
0.655333
0.187096
0.486653
0.814605
0.945256
0.226828
0.710016
0.62194
0.358295
0.462268
0.583675
0.738334
0.682932
0.823228
0.463982
0.0881803
0.501666
0.347531
0.969959
0.685176
0.349886
0.871208
0.125628
0.905426
0.179728
0.685769
0.75072
0.502286
0.296191
0.703545
0.076425
0.626517
0.198203
0.682608
0.730558
0.281683
0.908547
0.0714335
0.510028
0.48949
0.820463
0.980004
0.73645
0.872278
0.507935
0.0314324
0.471969
0.385171
0.371382
0.754869
0.0395181
0.562724
0.527528
0.505847
0.700501
0.563516
0.696065
0.135957
0.319597
0.97969
0.486816
0.956903
0.649177
0.676816
0.510905
0.0528012
0.87815
0.451084
0.563297
0.245309
0.750294
0.269112
0.656241
0.674531
0.713135
0.609491
0.322734
0.253154
0.101799
0.0753198
0.825956
0.321092
0.20636
0.220321
0.0777519
0.624249
0.853684
0.444042
0.699264
0.8792
0.598624
0.785023
0.123889
0.145629
0.913264
0.143248
0.765026
0.43117
0.441343
0.556006
0.200878
0.409372
0.830734
0.0428
0.98629
0.221773
0.493564
0.931459
0.749669
0.765932
0.0742104
0.462396
0.208128
0.632449
0.658931
0.64976
0.688403
0.00183448
0.369892
