0.135477
0.835009
0.968868
0.221034
0.308167
0.547221
0.188382
0.992881
0.996461
0.967695
0.725839
0.98111
0.109862
0.798106
0.297029
0.00478348
0.112465
0.639763
0.878431
0.503663
0.797929
0.361294
0.211924
0.68136
0.398739
0.740647
0.474759
0.422088
0.173865
0.301913
0.79728
0.31655
0.872429
0.149114
0.994068
0.821903
0.125183
0.76375
0.490589
0.663606
0.125897
0.210209
0.0512164
0.0364413
0.408731
0.457989
0.487569
0.793975
0.920875
0.807531
0.705774
0.00281843
0.710704
0.643961
0.456033
0.773917
0.573755
0.876757
0.808175
0.0177739
0.821246
0.820841
0.940074
0.412667
0.423165
0.580957
0.158058
0.761731
0.230156
0.809735
0.988522
0.332448
0.299832
0.0135391
0.217238
0.907365
0.848468
0.955018
0.778898
0.98746
0.0675954
0.793598
0.594504
0.732799
0.695233
0.67982
0.39232
0.561557
0.208068
0.527371
0.404209
0.352762
0.592824
0.356345
0.964966
0.154438
0.394908
0.387296
0.726955
0.38857
0.927493
0.436118
0.862678
0.62036
0.119547
0.471957
0.34022
0.529842
0.716101
0.988379
0.720493
0.912577
0.505499
0.558269
0.50319
0.462474
0.546592
0.447584
0.854451
0.604231
0.498544
0.979926
0.0343173
0.977002
0.363186
0.67952
0.346233
0.855875
0.0450595
0.660119
0.749941
0.132996
0.982361
0.0953552
0.282673
0.802111
0.077557
0.627384
0.00809391
0.680287
0.533933
0.438667
0.199551
0.138001
0.382333
0.762421
0.0404711
0.252956
0.504771
0.822605
0.981723
0.823455
0.301827
0.0479443
0.247848
0.544056
0.887726
0.34384
0.0332686
0.162872
0.877364
0.210302
0.272753
0.492442
0.22342
0.490301
0.954943
0.651969
0.757504
0.435246
0.552881
0.0531526
0.322511
0.404981
0.908434
0.809137
0.258296
0.129847
0.493327
0.3785
0.71847
0.287805
0.623436
0.811874
0.312508
0.385711
0.34393
0.815769
0.669285
0.379419
0.458497
0.303614
0.910565
0.488618
0.75579
0.108062
0.39359
0.870187
0.360861
0.917118
0.543806
0.140144
0.199873
0.948925
0.99011
0.240076
0.0165206
0.388615
0.779689
0.476638
0.540138
0.0184508
0.900183
0.194495
0.885998
0.441223
0.147829
0.239502
0.799653
0.473015
0.0898232
0.644551
0.633064
0.584382
0.726654
0.354638
0.680407
0.707322
0.162329
0.133736
0.449556
0.0420541
0.797364
0.167556
0.831214
0.324964
0.65578
0.42019
0.781909
0.113193
0.993535
0.181573
0.762931
0.265921
0.244138
0.100738
0.344328
0.281627
0.96864
0.213773
0.605928
0.226551
0.189906
0.401571
0.413291
0.170152
0.299052
0.636469
0.151574
0.769243
0.883969
0.959222
0.0180663
0.582846
0.766854
0.327798
0.129066
0.291961
0.84711
0.230764
0.501974
0.0015979
0.0125388
0.286587
0.098699
0.384755
0.355349
0.719971
0.0654451
0.513859
0.423978
0.689801
0.253943
0.40152
0.264477
0.934251
0.472525
0.610916
0.488402
0.51452
0.245019
0.333005
0.502362
0.596058
0.310156
0.962998
0.2324
0.746904
0.322533
0.318232
0.952472
0.534721
0.871805
0.934603
0.667114
0.289689
0.0655245
0.231889
0.704724
0.195107
0.422218
0.936055
0.142217
0.643181
0.472732
0.436933
0.24432
0.505919
0.906944
0.076504
0.713904
0.617205
0.189084
0.396982
0.277664
0.858099
0.908937
0.617279
0.180819
0.515024
0.824632
0.359324
0.816117
0.293388
0.172118
0.49279
0.195325
0.864307
0.204197
0.616272
0.878051
0.392469
0.946577
0.166698
0.971877
0.563965
0.598369
0.131222
0.566777
0.55438
0.31049
0.120649
0.737791
0.242724
0.822859
0.185476
0.312677
0.881725
0.674213
0.739298
0.0625432
0.131562
0.0899529
0.00831445
0.45651
0.634303
0.529763
0.497869
0.335798
0.252823
0.233675
0.173163
0.595981
0.726893
0.877573
0.70716
0.234766
0.477996
0.0182118
0.747331
0.654724
0.0780669
0.472769
0.996475
0.532098
0.899436
0.772901
0.20376
0.907109
0.374813
0.848089
0.326699
0.326737
0.659211
0.586765
0.0489832
0.769966
0.491752
0.488184
0.429127
0.394728
0.776454
0.974754
0.748505
0.634502
0.0721803
0.633363
0.528921
0.296168
0.325328
0.63112
0.994505
0.516048
0.724454
0.245575
0.332339
0.748609
0.682966
0.681271
0.0788424
0.458936
0.698147
0.0678848
0.0691401
0.527043
0.262049
0.483375
0.130805
0.0944408
0.120382
0.969837
0.756282
0.268176
0.724906
0.415763
0.474718
0.0554414
0.613744
0.490619
0.904475
0.935214
0.918277
0.303825
0.790102
0.226227
0.448952
0.510109
0.230632
0.711881
0.984453
0.655213
0.272667
0.469016
0.00300121
0.446424
0.970944
0.304664
0.215109
0.247585
0.806451
0.486371
0.407502
0.215629
0.540252
0.723024
0.283694
0.542862
0.755925
0.331977
0.801763
0.857072
0.0148917
0.884943
0.593087
0.0862172
0.924876
0.91372
0.980757
0.900022
0.949715
0.934522
0.00832427
0.777794
0.0259589
0.587877
0.649781
0.328236
0.111079
0.124273
0.973915
0.533229
0.6623
0.708258
0.0687386
0.205956
0.43343
0.0111926
0.0692625
0.343062
0.31223
0.992743
0.269064
0.857066
0.355611
0.746768
0.844856
0.217139
0.964952
0.712193
0.982668
0.759899
0.19326
0.35259
0.1963
0.832068
0.952595
0.76737
0.861969
0.455664
0.332684
0.83826
0.554309
0.120866
0.212184
0.491239
0.409655
0.759511
0.357064
0.771786
0.98154
0.846162
0.834622
0.367194
0.0506259
0.975562
0.842589
0.86946
0.0754984
0.0323761
0.613932
0.73568
0.615528
0.66263
0.951264
0.265888
0.919386
0.118397
0.313066
0.872115
0.233644
0.808058
0.556532
0.943592
0.503703
0.666417
0.152966
0.973229
0.633767
0.17865
0.0741428
0.494975
0.78598
0.46468
0.883032
0.647369
0.903241
0.00597361
0.693562
0.58509
0.105361
0.99032
0.229992
0.332908
0.689383
0.961421
0.226599
0.924241
0.876246
0.431745
0.470887
0.562102
0.837615
0.148309
0.639278
0.995594
0.639394
0.439518
0.0283883
0.0831509
0.530367
0.782002
0.736645
0.190161
0.261827
0.452245
0.460027
0.673637
0.176953
0.187831
0.0964868
0.323875
0.170326
0.0247341
0.830643
0.244828
0.142035
0.155442
0.303011
0.0335723
0.409289
0.783124
0.443372
0.0174882
0.285784
0.951397
0.171315
0.0941498
0.273912
0.201364
0.753116
0.800879
0.586084
0.496995
0.590973
0.568792
0.185098
0.901657
0.0244621
0.264376
0.782515
0.599702
0.556215
0.0965327
0.926787
0.398391
0.0399029
0.585117
0.413215
0.129533
0.608939
0.0554064
0.848296
0.452064
0.485014
0.0674469
0.221006
0.644365
0.975832
0.949342
0.736472
0.420854
0.685734
0.686216
0.231266
0.994775
0.435593
0.743793
0.338051
0.362916
0.989883
0.725078
0.837507
0.398035
0.851696
0.171603
0.947394
0.350897
0.384879
0.39973
0.718366
0.835918
0.950874
0.0639815
0.664526
0.176312
0.370958
0.1684
0.113203
0.152573
0.395517
0.396475
0.0279645
0.450032
0.0985438
0.916018
0.466317
0.749129
0.729329
0.736307
0.656548
0.215803
0.0514926
0.0586985
0.421407
0.81041
0.316819
0.884092
0.409108
0.201567
0.0254997
0.0664404
0.676397
0.0810755
0.329412
0.36958
0.796857
0.176485
0.0927104
0.0596145
0.286907
0.715986
0.493542
0.905125
0.404553
0.0673763
0.375025
0.848579
0.364708
0.142611
0.4217
0.868963
0.997041
0.533692
0.394566
0.332266
0.0430318
0.856515
0.180693
0.333316
0.431364
0.327461
0.25259
0.131565
0.0905217
0.952143
0.279544
0.578159
0.35301
0.316962
0.77674
0.37018
0.191486
0.0110246
0.392274
0.906673
0.987283
0.708923
0.637953
0.621055
0.925095
0.880748
0.0194523
0.720405
0.591077
0.0565112
0.638778
0.296472
0.46456
0.947933
0.551932
0.50341
0.133336
0.713125
0.9251
0.903549
0.636292
0.341969
0.663653
0.65961
0.270438
0.64228
0.429254
0.802213
0.332184
0.710507
0.654278
0.240655
0.919117
0.603837
0.383245
0.780125
0.495005
0.885061
0.397988
0.277938
0.242526
0.00149129
0.394987
0.201997
0.772075
0.608457
0.779057
0.499392
0.384511
0.830731
0.127957
0.249665
0.503153
0.128211
0.978687
0.726869
0.223399
0.682577
0.448708
0.672059
0.909366
0.838762
0.211889
0.95107
0.877892
0.70907
0.970713
0.422909
0.837276
0.0933193
0.673427
0.0983706
0.697492
0.215951
0.77783
0.0807366
0.405301
0.20749
0.0850327
0.519183
0.978487
0.16609
0.918474
0.304752
0.580889
0.843878
0.388072
0.00601354
0.00991982
0.198373
0.393382
0.196521
0.835258
0.779739
0.0772034
0.29142
0.27548
0.621706
0.921171
0.225418
0.284796
0.0846338
0.327797
0.0520988
0.610884
0.544573
0.347904
0.526967
0.999861
0.855249
0.902963
0.128805
0.615818
0.830342
0.987831
0.645619
0.750332
0.757372
0.666644
0.540028
0.730255
0.779742
0.488647
0.593759
0.967173
0.0783777
0.0351691
0.372211
0.0779134
0.784187
0.47712
0.440652
0.281793
0.516805
0.367861
0.117891
0.598625
0.0165827
0.467777
0.106508
0.338729
0.086892
0.205158
0.517779
0.476779
0.0351902
0.853139
0.950614
0.852935
0.9803
0.862307
0.821307
0.918624
0.598232
0.826774
0.537606
0.913139
0.167782
0.0188886
0.8565
0.841377
0.788187
0.729519
0.734547
0.586463
0.56323
0.924233
0.605237
0.101322
0.619015
0.73382
0.290964
0.318625
0.573893
0.641264
0.0554217
0.979915
0.792517
0.63918
0.324326
0.972679
0.505235
0.921443
0.569612
0.446347
0.964465
0.120197
0.984924
0.22997
0.596996
0.570348
0.764644
0.412183
0.0558848
0.506002
0.172041
0.529026
0.534517
0.682685
0.472428
0.330814
0.374515
0.137926
0.72939
0.329299
0.660507
0.0637436
0.907386
0.104658
0.0992514
0.39252
0.665669
0.495598
0.462392
0.211286
0.409503
0.107725
0.489321
0.111823
0.358599
0.290662
0.327804
0.259029
0.545207
0.0696318
0.0173415
0.134919
0.89654
0.742323
0.603663
0.952885
0.914163
0.242351
0.902068
0.443134
0.562682
0.351137
0.0366781
0.563783
0.347189
0.771722
0.630189
0.892609
0.861994
0.337612
0.663782
0.684361
0.400081
0.0183921
0.004086
0.390299
0.999942
0.200065
0.628043
0.919483
0.852782
0.827842
0.923611
0.27587
0.64501
0.418188
0.992046
0.470746
0.675336
0.93333
0.571103
0.438342
0.320046
0.915464
0.982108
0.279705
0.0197772
0.336299
0.886147
0.111265
0.312077
0.524825
0.119375
0.760876
0.312653
0.288987
0.32581
0.411657
0.263354
0.486418
0.226709
0.931301
0.044547
0.976475
0.782996
0.450524
0.213963
0.103098
0.54499
0.536087
0.667935
0.0808333
0.646777
0.145742
0.403092
0.91844
0.423447
0.642315
0.615654
0.799647
0.442745
0.700247
0.819064
0.265361
0.0557054
0.707487
0.800666
0.967305
0.992052
0.0422377
0.923263
0.0628205
0.38149
0.127719
0.439161
0.00860256
0.874003
0.887014
0.518495
0.305778
0.396395
0.40264
0.224949
0.5513
0.285895
0.371232
0.0494597
0.814143
0.621299
0.310812
0.229097
0.430814
0.724517
0.862068
0.682112
0.577215
0.801968
0.16709
0.637494
0.991581
0.909377
0.473889
0.610149
0.897814
0.712481
0.425573
0.527658
0.228589
0.894581
0.108785
0.949908
0.39808
0.0280311
0.447067
0.205917
0.890865
0.94041
0.075977
0.138531
0.513994
0.867087
0.80627
0.840046
0.916626
0.824535
0.656176
0.903594
0.278557
0.824242
0.683298
0.716831
0.780881
0.662261
0.750807
0.202141
0.568783
0.648609
0.697805
0.637521
0.80913
0.789339
0.725377
0.0271078
0.953098
0.136367
0.208915
0.130725
0.871393
0.888933
0.00636953
0.695357
0.819801
0.654412
0.460128
0.733118
0.566955
0.443772
0.525681
0.565905
0.640904
0.596035
0.767201
0.678107
0.134215
0.250831
0.331355
0.183466
0.595221
0.774302
0.344325
0.295375
0.90394
0.476335
0.573888
0.27273
0.158957
0.696588
0.193626
0.139148
0.106696
0.302469
0.294433
0.00402173
0.138155
0.743974
0.172553
0.650897
0.80381
0.519084
0.0885184
0.697368
0.865021
0.455355
0.889174
0.532014
0.323418
0.181126
0.559135
0.249549
0.377308
0.102343
0.986917
0.253329
0.418035
0.436678
0.732287
0.383841
0.295254
0.848811
0.126728
0.47693
0.785111
0.998041
0.794468
0.0272995
0.959313
0.335493
0.0470208
0.605938
0.974057
0.6914
0.674485
0.200812
0.208895
0.863349
0.865537
0.72112
0.0201681
0.374651
0.313261
0.498305
0.729183
0.714941
0.126015
0.800613
0.330787
0.413694
0.329175
0.615412
0.313907
0.783845
0.670448
0.537431
0.721635
0.729783
0.639482
0.636199
0.10201
0.114723
0.55608
0.466963
0.743604
0.0917214
0.797065
0.545638
0.970468
0.205805
0.900786
0.735116
0.789972
0.397483
0.909103
0.114585
0.149167
0.214708
0.130492
0.0693561
0.0895304
0.596744
0.956944
0.120845
0.855571
0.822231
0.472035
0.672603
0.164006
0.765944
0.241591
0.53736
0.722972
0.205478
0.584125
0.144478
0.457226
0.417148
0.395864
0.450943
0.624294
0.560107
0.782828
0.301238
0.806325
0.702189
0.343649
0.0206047
0.387005
0.317558
0.134584
0.435461
0.746403
0.00937151
0.997277
0.281523
0.970471
0.787568
0.978169
0.153952
0.387937
0.918095
0.503711
0.459743
0.118667
0.599556
0.848547
0.152019
0.640788
0.709539
0.081247
0.720681
0.00338208
0.859027
0.985976
0.19367
0.336438
0.614317
0.910209
0.0252353
0.122266
0.155797
0.74535
0.100912
0.115298
0.939078
0.500329
0.170378
0.856396
0.332181
0.527048
0.445528
0.315228
0.153639
0.314935
0.852921
0.402537
0.939083
0.409658
0.769167
0.363104
0.641263
0.869622
0.927318
0.413445
0.929628
0.437986
0.808681
0.352964
0.335551
0.325825
0.0969761
0.72025
0.00639548
0.410386
0.90143
0.062298
0.894728
0.459545
0.337377
0.422989
0.21781
0.0973376
0.248255
0.450722
0.431792
0.417212
0.441352
0.153164
0.0101148
0.749258
0.952371
0.909234
0.0742084
0.51317
0.0903023
0.0321235
0.117749
0.149922
0.852725
0.245997
0.913314
0.790409
0.956562
0.348115
0.687059
0.58756
0.416276
0.974886
0.00654187
0.565303
0.743329
0.746056
0.276149
0.934955
0.807549
0.510984
0.416974
0.155717
0.993064
0.286552
0.268429
0.782877
0.060818
0.710123
0.625028
0.877147
0.344111
0.717686
0.444654
0.181075
0.600712
0.420464
0.0110547
0.294531
0.640672
0.69846
0.752349
0.443966
0.871064
0.0960509
0.856779
0.30884
0.478225
0.579654
0.311192
0.0227197
0.541215
0.774589
0.294405
0.722708
0.558201
0.73909
0.221565
0.88109
0.379457
0.326571
0.647653
0.949003
0.49751
0.108986
0.956713
0.925125
0.375982
0.464881
0.386335
0.952809
0.223191
0.902056
0.0106788
0.66676
0.937551
0.0170243
0.00221301
0.0246051
0.605268
0.102098
0.388976
0.173547
0.605959
0.617123
0.273107
0.255138
0.0335754
0.337991
0.721304
0.953475
0.107868
0.875531
0.449542
0.261031
0.759388
0.804905
0.241397
0.347773
0.733658
0.272478
0.889011
0.777547
0.29117
0.147152
0.458298
0.729725
0.786571
0.718714
0.276278
0.0164541
0.381509
0.539091
0.338904
0.836232
0.49504
0.843685
0.910756
0.559288
0.366781
0.787751
0.31197
0.568049
0.0846635
0.0731517
0.936159
0.529436
0.660969
0.637971
0.594303
0.992907
0.825324
0.61493
0.740683
0.520632
0.720447
0.12287
0.682534
0.717956
0.674755
0.666337
0.472822
0.057352
0.376102
0.624701
0.114298
0.53367
0.654596
0.956695
0.955468
0.897174
0.906154
0.145059
0.376342
0.682165
0.533315
0.715559
0.82399
0.00425935
0.68103
0.741202
0.918039
0.580238
0.0208956
0.837174
0.597066
0.274769
0.315171
0.00583972
0.481861
0.168478
0.375105
0.513301
0.975969
0.167787
0.866953
0.726935
0.410977
0.68013
0.363378
0.295552
0.461059
0.69034
0.15199
0.0759722
0.590766
0.483284
0.8082
0.965847
0.103971
0.698211
0.473953
0.108252
0.21887
0.424168
0.189153
0.107871
0.385778
0.0835953
0.5541
0.0173389
0.996525
0.999193
0.642889
0.603863
0.724895
0.775778
0.197138
0.101113
0.228047
0.38442
0.703861
0.337389
0.946167
0.806755
0.53805
0.807646
0.117334
0.29986
0.378304
0.738415
0.79477
0.789713
0.415795
0.895001
0.685333
0.0355716
0.873557
0.575684
0.0721781
0.667592
0.815934
0.450655
0.797708
0.370536
0.791871
0.607889
0.0155674
0.331554
0.628625
0.20696
0.531603
0.00938154
0.526519
0.420579
0.502221
0.830838
0.473636
0.327146
0.854338
0.96399
0.371551
0.335468
0.499725
0.604617
0.552469
0.426485
0.513975
0.510065
0.0326835
0.168171
0.799395
0.833278
0.641735
0.144751
0.0866978
0.74344
0.385361
0.872049
0.822775
0.194019
0.27798
0.539001
0.0403559
0.778711
0.0802006
0.662237
0.445826
0.581921
0.327045
0.281288
0.0269769
0.338866
0.922524
0.199453
0.849797
0.610439
0.811556
0.374439
0.0537223
0.925795
0.883098
0.0333641
0.962707
0.669123
0.0769285
0.203082
0.113999
0.507111
0.372376
0.709535
0.470233
0.223956
0.847201
0.823125
0.335361
0.0773298
0.405336
0.30741
0.452592
0.413484
0.354436
0.0287325
0.0781553
0.540062
0.378012
0.166721
0.523044
0.688673
0.689503
0.291906
0.482284
0.810551
0.987387
0.0519867
0.188786
0.600344
0.442552
0.59682
0.361807
0.218491
0.431282
0.491532
0.712728
0.149211
0.0987969
0.553714
0.49104
0.31018
0.600387
0.609951
0.435941
0.462056
0.856841
0.891301
0.93538
0.132738
0.134873
0.544139
0.565452
0.609611
0.433521
0.474627
0.559304
0.838736
0.964495
0.776501
0.19277
0.250754
0.895849
0.300736
0.957202
0.635054
0.898302
0.381017
0.802341
0.622784
0.182111
0.856526
0.342333
0.180686
0.160395
0.740623
0.155476
0.160137
0.391147
0.586972
0.637569
0.0635291
0.368139
0.394404
0.69358
0.716075
0.640124
0.744604
0.770685
0.0813151
0.436359
0.649102
0.315026
0.612135
0.918211
0.968524
0.681406
0.20639
0.670925
0.650166
0.674334
0.325904
0.486882
0.783537
0.773615
0.572591
0.60909
0.946322
0.449939
0.195018
0.931868
0.801711
0.0268359
0.0025364
0.64857
0.441608
0.651118
0.935784
0.129236
0.11431
0.626631
0.0858902
0.0975604
0.810085
0.65902
0.708066
0.897756
0.142023
0.590614
0.826031
0.89973
0.99489
0.0218527
0.492477
0.978976
0.31437
0.551641
0.585298
0.388431
0.680644
0.518282
0.233185
0.439091
0.605213
0.530345
0.762328
0.827236
0.0269022
0.105253
0.77642
0.0214774
0.738083
0.22196
0.491354
0.278635
0.769366
0.698823
0.986548
0.39877
0.843805
0.493741
0.787077
0.5609
0.934306
0.917214
0.767826
0.238929
0.727693
0.2991
0.844472
0.0194504
0.141302
0.521504
0.711819
0.356399
0.0375403
0.255102
0.0582523
0.564342
0.708295
0.141813
0.276101
0.608841
0.28477
0.518162
0.153773
0.827685
0.53982
0.657061
0.260667
0.82697
0.81881
0.217663
0.774672
0.02372
0.339818
0.265732
0.285143
0.593101
0.354147
0.216672
0.670543
0.0624411
0.370717
0.372415
0.977931
0.753461
0.74138
0.981903
0.881246
0.344383
0.399437
0.367664
0.0352372
0.581243
0.451134
0.75197
0.0673886
0.745618
0.286168
0.246469
0.510565
0.616589
0.0821434
0.750949
0.759955
0.286428
0.191933
0.921151
0.176305
0.703781
0.274704
0.686398
0.990769
0.834779
0.605334
0.0812721
0.779303
0.891868
0.368252
0.085778
0.924425
0.637409
0.841939
0.325415
0.298616
0.466997
0.261461
0.993832
0.656305
0.961241
0.898855
0.349136
0.136814
0.0455628
0.541513
0.135796
0.466735
0.626131
0.839246
0.915018
0.398144
0.708097
0.917528
0.124459
0.918273
0.191379
0.325787
0.620542
0.719076
0.916108
0.250805
0.32271
0.373945
0.222622
0.421058
0.492335
0.48051
0.57066
0.831063
0.223182
0.693291
0.811256
0.823874
0.128765
0.152977
0.426892
0.32133
0.439943
0.845352
0.39958
0.27666
0.452446
0.297127
0.603608
0.97929
0.247037
0.0944859
0.53147
0.651076
0.265564
0.100245
0.948229
0.283116
0.605706
0.120338
0.993533
0.352358
0.699995
0.682036
0.648976
0.532371
0.287235
0.000628101
0.290656
0.620681
0.601561
0.514568
0.65227
0.9925
0.554328
0.330808
0.65701
0.754126
0.108012
0.159794
0.815206
0.59356
0.0353111
0.0553332
0.324988
0.773328
0.311564
0.652586
0.78498
0.976659
0.520239
0.0708705
0.855095
0.344933
0.280923
0.547605
0.354523
0.600461
0.198256
0.358127
0.215088
0.298064
0.346575
0.0765373
0.183819
0.359284
0.477513
0.739379
0.826815
0.311495
0.788518
0.958406
0.0558727
0.0807359
0.113282
0.572269
0.52554
0.953272
0.212676
0.723947
0.730002
0.0840552
0.25076
0.44298
0.684694
0.899134
0.00151484
0.741787
0.97097
0.22357
0.962499
0.938243
0.255547
0.813219
0.232355
0.869347
0.838469
0.766453
0.978979
0.270555
0.68524
0.154478
0.767846
0.0903271
0.891545
0.783532
0.545711
0.161432
0.114677
0.124098
0.548723
0.496989
0.706508
0.551082
0.48026
0.547581
0.0976005
0.327824
0.953961
0.501767
0.995125
0.694123
0.0319655
0.0669322
0.535167
0.11132
0.168507
0.863276
0.414533
0.45833
0.836038
0.0194051
0.878578
0.770144
0.438795
0.313734
0.355055
0.495647
0.779497
0.606282
0.711373
0.106717
0.601565
0.957761
0.284614
0.298946
0.823509
0.489656
0.991042
0.381032
0.428743
0.068381
0.0180939
0.878633
0.882269
0.967684
0.210757
0.536834
0.601555
0.979203
0.162275
0.80159
0.701959
0.786928
0.953777
0.495381
0.629401
0.981028
0.74565
0.571491
0.56039
0.252581
0.921029
0.0638646
0.0615689
0.770737
0.89714
0.83728
0.183338
0.278823
0.446302
0.607784
0.0248372
0.98984
0.869889
0.226036
0.871384
0.87257
0.53816
0.473007
0.369025
0.771218
0.848498
0.920813
0.679284
0.0514224
0.522539
0.615155
0.958283
0.31738
0.276985
0.410741
0.771532
0.950196
0.553945
0.0792084
0.792754
0.680826
0.550205
0.43798
0.617292
0.118437
0.500886
0.290501
0.484105
0.830729
0.366573
0.637938
0.60337
0.417529
0.581571
0.721026
0.845067
0.944448
0.134406
0.0703054
0.667066
0.425024
0.461266
0.043802
0.23232
0.867364
0.923883
0.371403
0.614795
0.329639
0.919734
0.226235
0.136952
0.324972
0.761772
0.479758
0.032981
0.101041
0.372864
0.528971
0.718758
0.68227
0.595023
0.0536171
0.80238
0.256186
0.101083
0.827802
0.326172
0.132768
0.386584
0.309512
0.727057
0.898961
0.637942
0.178873
0.0288921
0.693782
0.329466
0.332609
0.980605
0.355556
0.855569
0.852249
0.0268916
0.889577
0.2145
0.83293
0.622037
0.161397
0.600241
0.577702
0.701352
0.897962
0.0492061
0.826282
0.599326
0.465773
0.738965
0.785152
0.60271
0.972587
0.209767
0.598609
0.0375743
0.400851
0.120073
0.231193
0.291062
0.822273
0.36484
0.216535
0.636538
0.313245
0.410645
0.735969
0.851476
0.0751268
0.0168707
0.674368
0.935059
0.368485
0.911941
0.614413
0.460276
0.545474
0.176675
0.960088
0.86935
0.0835969
0.760638
0.935219
0.0987549
0.59901
0.401408
0.998815
0.576983
0.303733
0.185376
0.173646
0.226924
0.744725
0.307547
0.811195
0.776588
0.695412
0.856231
0.7607
0.156453
0.904986
0.0493
0.664403
0.296251
0.691801
0.563285
0.09324
0.825325
0.263367
0.22701
0.300433
0.306753
0.0644708
0.40876
0.371478
0.937787
0.576091
0.237151
0.49029
0.260366
0.169996
0.220993
0.858174
0.838087
0.114751
0.451856
0.475476
0.809188
0.229737
0.302445
0.381779
0.231245
0.212969
0.35526
0.225262
0.670574
0.807634
0.498851
0.0185869
0.583277
0.838105
0.00401735
0.646521
0.876678
0.394069
0.22797
0.108752
0.383534
0.241921
0.751616
0.925365
0.21065
0.912081
0.152392
0.954553
0.260461
0.717642
0.0978564
0.606285
0.343243
0.0955094
0.592934
0.390545
0.911868
0.666982
0.180182
0.862122
0.831831
0.990839
0.728895
0.90181
0.866115
0.320239
0.1324
0.908299
0.873455
0.298977
0.866915
0.551473
0.197454
0.453845
0.748345
0.824069
0.298808
0.184908
0.614804
0.524488
0.0826936
0.910735
0.135677
0.165239
0.648268
0.582776
0.0579104
0.987592
0.939639
0.0118768
0.653594
0.921594
0.0434345
0.128802
0.168872
0.920854
0.820433
0.874276
0.556431
0.0485634
0.594642
0.301077
0.429829
0.792613
0.748801
0.106175
0.254542
0.184441
0.512891
0.234514
0.410989
0.35442
0.447422
0.795225
0.257975
0.773247
0.802287
0.945087
0.659932
0.846627
0.83882
0.328896
0.478949
0.336628
0.475154
0.652611
0.168147
0.271201
0.433323
0.794504
0.669877
0.528565
0.398688
0.857501
0.517851
0.803721
0.101884
0.653072
0.887261
0.600526
0.664269
0.131696
0.532052
0.597402
0.711938
0.228572
0.60732
0.308308
0.147508
0.433232
0.563177
0.248986
0.358699
0.0884262
0.843727
0.603035
0.0193297
0.21158
0.131843
0.595917
0.265351
0.962104
0.787702
0.21785
0.406672
0.0521201
0.440302
0.377244
0.924647
0.990772
0.867922
0.0667704
0.589555
0.691662
0.394469
0.79697
0.461259
0.189684
0.42289
0.907889
0.362902
0.960214
0.638287
0.203264
0.804443
0.0707338
0.883165
0.22722
0.457789
0.813819
0.739933
0.201959
0.160432
0.54582
0.216096
0.427686
0.0695407
0.5865
0.475981
0.594247
0.525719
0.961766
0.944835
0.916294
0.640006
0.435953
0.318817
0.755318
0.624601
0.201783
0.388163
0.0934777
0.518933
0.961424
0.694674
0.404098
0.797152
0.706102
0.774846
0.859417
0.227387
0.972424
0.00814441
0.593547
0.902067
0.250492
0.304214
0.687827
0.0681998
0.00488713
0.631665
0.589172
0.144756
0.795229
0.128548
0.034409
0.0369036
0.871122
0.458297
0.0915392
0.0732346
0.028757
0.993908
0.31124
0.628137
0.259246
0.386551
0.568215
0.993194
0.593623
0.259272
0.257699
0.845267
0.0135999
0.359535
0.121392
0.895092
0.228193
0.592605
0.500773
0.165605
0.19573
0.955288
0.390246
0.532404
0.645896
0.588112
0.153916
0.871632
0.438796
0.586074
0.465281
0.00569887
0.0861604
0.956954
0.648402
0.240222
0.536326
0.555123
0.115969
0.967236
0.595315
0.334899
0.158856
0.558367
0.533012
0.773042
0.356907
0.983914
0.415876
0.0651713
0.603665
0.114402
0.176574
0.0956815
0.419425
0.491336
0.93397
0.698522
0.0737709
0.72157
0.850766
0.554362
0.703861
0.996683
0.0511352
0.112563
0.55206
0.811117
0.655248
0.22476
0.206836
0.260687
0.953043
0.931307
0.148048
0.982851
0.772646
0.932697
0.212977
0.671147
0.214377
0.217816
0.329125
0.702286
0.722471
0.227166
0.841989
0.494206
0.0562097
0.0584915
0.652903
0.25416
0.89845
0.972448
0.521067
0.589276
0.773452
0.972609
0.912215
0.509805
0.278581
0.0765093
0.450115
0.64047
0.972323
0.931139
0.222115
0.644079
0.730801
0.943035
0.916603
0.0185996
0.638591
0.39128
0.874223
0.0987266
0.814189
0.328827
0.624363
0.596665
0.393226
0.824034
0.670667
0.959927
0.910356
0.791578
0.664086
0.808362
0.211859
0.464039
0.765974
0.127965
0.135366
0.342661
0.531132
0.313334
0.0713506
0.866473
0.202555
0.242124
0.605429
0.488248
0.785824
0.461446
0.0983652
0.236464
0.703138
0.472713
0.0751025
0.73372
0.195803
0.938308
0.857347
0.865414
0.194814
0.405636
0.824837
0.890083
0.820192
0.773204
0.167322
0.985621
0.605
0.748798
0.576547
0.168126
0.307503
0.76984
0.944331
0.577579
0.598641
0.0343957
0.336928
0.248224
0.911495
0.0184357
0.0368342
0.749463
0.676158
0.215551
0.653497
0.524126
0.974009
0.945191
0.88348
0.423032
0.268504
0.382018
0.160765
0.294435
0.431565
0.826679
0.789207
0.431527
0.905419
0.46378
0.458133
0.441575
0.570726
0.921153
0.625135
0.0415927
0.891884
0.123397
0.0270403
0.0330676
0.283299
0.639506
0.632345
0.490461
0.321983
0.844654
0.196397
0.253403
0.595242
0.507002
0.362557
0.868745
0.380747
0.22786
0.596268
0.4215
0.448455
0.258872
0.976789
0.924451
0.057191
0.516416
0.416459
0.145674
0.412894
0.811064
0.533427
0.104266
0.351859
0.161653
0.814805
0.458422
0.464536
0.0343319
0.740467
0.278192
0.339554
0.363667
0.839206
0.580368
0.923501
0.965852
0.745949
0.629723
0.0461097
0.0698001
0.607891
0.0482712
0.0980367
0.958464
0.398582
0.230238
0.539719
0.0799604
0.892423
0.164029
0.749369
0.230748
0.0169663
0.990139
0.171705
0.0370242
0.429086
0.458968
0.565197
0.456173
0.42627
0.235628
0.322173
0.981929
0.0257324
0.0309309
0.587975
0.344512
0.465459
0.195785
0.913117
0.442431
0.099653
0.618915
0.676997
0.471068
0.375935
0.255211
0.847704
0.388713
0.452378
0.634429
0.473825
0.569044
0.108847
0.627873
0.562385
0.965874
0.00203002
0.132105
0.209613
0.940216
0.756729
0.987162
0.748255
0.53897
0.844693
0.0700426
0.942114
0.271254
0.0143069
0.0684561
0.186278
0.200398
0.876491
0.589488
0.453817
0.915724
0.195512
0.946971
0.891534
0.936574
0.748179
0.252836
0.916779
0.545314
0.508044
0.787658
0.19517
0.731727
0.847147
0.656207
0.628953
0.818943
0.979334
0.905913
0.777725
0.218981
0.449603
0.728902
0.838297
0.142242
0.969037
0.934119
0.225211
0.912525
0.365124
0.00213871
0.925648
0.457358
0.773472
0.725999
0.919914
0.469365
0.597648
0.220176
0.528497
0.0999515
0.617996
0.178695
0.88947
0.766658
0.799532
0.372494
0.32807
0.193225
0.00442644
0.245829
0.92424
0.357905
0.400258
0.52113
0.92756
0.784131
0.141825
0.193199
0.489819
0.0800604
0.77538
0.273216
0.620671
0.644145
0.180168
0.357648
0.544673
0.165892
0.160719
0.265486
0.682337
0.204369
0.878056
0.86877
0.0628096
0.0123786
0.71653
0.494372
0.455975
0.280451
0.203705
0.156779
0.884222
0.308929
0.997552
0.747664
0.753258
0.465274
0.825773
0.202112
0.895258
0.659055
0.206134
0.642518
0.202306
0.0799585
0.924838
0.568842
0.283214
0.566923
0.796123
0.417807
0.755419
0.51303
0.456724
0.660938
0.088234
0.709398
0.647602
0.220052
0.812716
0.82016
0.791449
0.18275
0.852605
0.662854
0.0730676
0.285723
0.212687
0.994381
0.27686
0.916559
0.127025
0.0199809
0.452198
0.469145
0.717442
0.34386
0.0854967
0.346301
0.0748296
0.906416
0.158366
0.855995
0.877946
0.853538
0.90219
0.870046
0.899709
0.730288
0.831169
0.992922
0.907409
0.868023
0.390233
0.634661
0.354845
0.861503
0.331353
0.926771
0.299919
0.97417
0.662911
0.775134
0.197408
0.048851
0.148131
0.87043
0.125775
0.540979
0.255936
0.464453
0.137661
0.201854
0.217097
0.411695
0.727534
0.0180426
0.875726
0.829906
0.483787
0.462641
0.718885
0.570376
0.881786
0.165374
0.720289
0.972342
0.545775
0.114664
0.530189
0.0207866
0.934942
0.863364
0.979525
0.611275
0.299463
0.156401
0.14995
0.741357
0.172416
0.0617625
0.0027904
0.859104
0.796509
0.0682648
0.546039
0.888048
0.319411
0.939831
0.252277
0.232084
0.474736
0.0935685
0.221814
0.619093
0.943613
0.518849
0.0750494
0.718424
0.373331
0.121514
0.697425
0.404007
0.266204
0.122954
0.920855
0.967998
0.462827
0.517437
0.445302
0.0208441
0.11857
0.121809
0.739674
0.981491
0.992036
0.771578
0.613359
0.946808
0.944069
0.0496843
0.32545
0.177988
0.641657
0.935223
0.686925
0.1803
0.620814
0.0165472
0.838455
0.208976
0.684373
0.558216
0.912264
0.159426
0.943793
0.929714
0.910219
0.383516
0.802489
0.212008
0.948837
0.168317
0.371223
0.24943
0.959784
0.38067
0.317318
0.915016
0.0145201
0.0315536
0.0833341
0.91415
0.341676
0.229114
0.646776
0.361526
0.0266093
0.757177
0.162997
0.184905
0.132219
0.862885
0.276181
0.105223
0.725552
0.796013
0.720578
0.804195
0.427192
0.511798
0.0936687
0.393317
0.726237
0.769528
0.259357
0.710229
0.501299
0.441482
0.288864
0.903049
0.476867
0.514062
0.458404
0.695612
0.953841
0.609524
0.580945
0.575438
0.528486
0.714213
0.134328
0.171267
0.12481
0.779777
0.903099
0.823326
0.336546
0.430702
0.401636
0.980858
0.470722
0.552925
0.0722115
0.5113
0.907458
0.352819
0.906425
0.904135
0.0232701
0.154848
0.483848
0.865988
0.183588
0.341418
0.485823
0.858161
0.98626
0.805822
0.225321
0.652762
0.456095
0.812261
0.545914
0.720171
0.14986
0.32888
0.0695229
0.477797
0.397829
0.228266
0.337811
0.567274
0.208923
0.533545
0.530208
0.377671
0.246741
0.479774
0.212469
0.994245
0.516603
0.0473338
0.144409
0.147761
0.871612
0.78294
0.699363
0.658172
0.0279205
0.181604
0.385475
0.811158
0.00313302
0.53753
0.949011
0.728411
0.887932
0.361568
0.908529
0.857074
0.367625
0.988781
0.712183
0.608163
0.316589
0.411445
0.538909
0.65207
0.431779
0.888592
0.580696
0.114303
0.038215
0.659352
0.587683
0.414123
0.9074
0.278651
0.234507
0.343056
0.494291
0.0863216
0.626251
0.553855
0.617549
0.745089
0.268719
0.710242
0.718545
0.706229
0.117081
0.798926
0.798899
0.817665
0.616723
0.805017
0.0734538
0.0252574
0.877571
0.383334
0.622645
0.636265
0.767016
0.326644
0.766749
0.409235
0.688768
0.698683
0.256673
0.393366
0.530055
0.555972
0.869295
0.488474
0.79586
0.613695
0.485534
0.421244
0.29515
0.527565
0.439772
0.994154
0.506558
0.867478
0.644576
0.240109
0.547129
0.559012
0.818407
0.812087
0.6356
0.462579
0.0963698
0.456974
0.896041
0.213354
0.164515
0.526791
0.5631
0.49167
0.0781304
0.00174159
0.895942
0.93366
0.0715072
0.153288
0.728636
0.150336
0.600108
0.18755
0.334756
0.656929
0.576876
0.830845
0.0640594
0.925144
0.529435
0.928601
0.134632
0.53892
0.466339
0.400707
0.883198
0.33537
0.671095
0.60193
0.0385009
0.655301
0.663776
0.0956538
0.686665
0.267805
0.789261
0.212571
0.41761
0.289321
0.976257
0.771464
0.98818
0.569864
0.709745
0.497836
0.76122
0.19595
0.369541
0.988474
0.505334
0.066579
0.773096
0.346865
0.753443
0.590655
0.616272
0.706473
0.177237
0.661611
0.0960481
0.245121
0.528071
0.34152
0.860794
0.0869974
0.865434
0.541328
0.0157388
0.0413827
0.0900373
0.823414
0.545079
0.38149
0.80078
0.223496
0.503071
0.209618
0.792339
0.251336
0.353882
0.0614068
0.225003
0.114415
0.31599
0.998411
0.73169
0.147526
0.298385
0.28108
0.59428
0.552759
0.363561
0.904306
0.708018
0.682467
0.20903
0.559744
0.312921
0.725799
0.230908
0.954931
0.663317
0.014103
0.315374
0.37155
0.541415
0.722125
0.78124
0.147329
0.784145
0.216158
0.932742
0.88818
0.625032
0.00300736
0.678111
0.953481
0.75916
0.178924
0.157983
0.0339837
0.662328
0.106835
0.385176
0.902275
0.831399
0.849552
0.057234
0.638891
0.181578
0.945871
0.484232
0.212393
0.0620893
0.465349
0.113182
0.520896
0.747264
0.0903733
0.19304
0.0769243
0.179062
0.81687
0.907623
0.429821
0.775384
0.301384
0.110704
0.709385
0.140014
0.909112
0.680491
0.157391
0.501365
0.270587
0.26162
0.396768
0.995678
0.896272
0.35785
0.717623
0.924948
0.0528994
0.321151
0.303961
0.331495
0.564299
0.894341
0.172223
0.217526
0.589466
0.504833
0.38191
0.685395
0.516937
0.774311
0.342165
0.364057
0.729374
0.757825
0.144911
0.458288
0.184777
0.85614
0.547125
0.0227973
0.0128618
0.93735
0.725624
0.369913
0.429675
0.137117
0.343071
0.257861
0.519408
0.321921
0.405736
0.180983
0.432864
0.372936
0.513882
0.282918
0.397281
0.811732
0.816215
0.149787
0.264945
0.0587259
0.459559
0.0456052
0.830459
0.236278
0.273537
0.940003
0.828211
0.572588
0.609037
0.547722
0.0980675
0.382121
0.321129
0.129864
0.46274
0.757963
0.454405
0.689854
0.426433
0.799399
0.286637
0.322017
0.293089
0.963379
0.0990937
0.951946
0.115006
0.0185132
0.963822
0.84181
0.806904
0.684864
0.356021
0.245409
0.364875
0.7927
0.593161
0.290073
0.84255
0.793316
0.471836
0.560889
0.679777
0.000670499
0.561998
0.665536
0.850491
0.883177
0.262175
0.00840409
0.16827
0.0987203
0.00775207
0.628878
0.521261
0.323646
0.692623
0.0578015
0.231241
0.247555
0.505353
0.709684
0.0473086
0.0297974
0.567725
0.482746
0.477467
0.899443
0.396876
0.157999
0.0903245
0.798731
0.703805
0.303063
0.969223
0.445893
0.602837
0.353917
1.21422e-05
0.0608225
0.592399
0.601251
0.53216
0.423766
0.473959
0.234881
0.744989
0.857994
0.637584
0.166451
0.439174
0.518311
0.318268
0.581058
0.743067
0.0782674
0.23269
0.917783
0.221429
0.527839
0.675979
0.0741584
0.131115
0.926089
0.764951
0.19138
0.118202
0.524929
0.309494
0.292092
0.4017
0.699699
0.646706
0.854864
0.58952
0.0600466
0.385676
0.5409
0.137133
0.835441
0.41795
0.437744
0.944055
0.37281
0.0107221
0.70807
0.651854
0.842039
0.850711
0.632515
0.33414
0.140755
0.611453
0.385961
0.41173
0.180208
0.760392
0.607677
0.0405979
0.284168
0.716422
0.361388
0.704119
0.317961
0.0209512
0.550185
0.947195
0.397956
0.144433
0.513276
0.491787
0.334933
0.371101
0.159739
0.176806
0.320879
0.274937
0.903922
0.382869
0.361978
0.179174
0.833889
0.350357
0.823292
0.747286
0.00793926
0.62347
0.482769
0.128116
0.222022
0.573183
0.317824
0.0326574
0.113157
0.561129
0.578832
0.812199
0.728157
0.527323
0.584596
0.629696
0.83432
0.321467
0.183667
0.0650896
0.874067
0.393747
0.0584085
0.0284305
0.932079
0.867065
0.790165
0.126884
0.20157
0.852173
0.384032
0.836849
0.977889
0.305535
0.376509
0.690616
0.980462
0.993633
0.394906
0.213222
0.347609
0.860686
0.950927
0.0711996
0.725022
0.87989
0.436026
0.519799
0.404788
0.427906
0.83813
0.506842
0.85423
0.302807
0.573712
0.347714
0.526004
0.533642
0.615704
0.76208
0.368023
0.302843
0.261846
0.791595
0.644102
0.717897
0.765624
0.445707
0.204827
0.0634705
0.0256989
0.705342
0.655521
0.568062
0.258606
0.407359
0.151235
0.0435554
0.159345
0.411923
0.117196
0.409425
0.976802
0.949878
0.395202
0.898868
0.921268
0.804912
0.123081
0.835273
0.240545
0.745965
0.254824
0.206918
0.0882772
0.202485
0.352906
0.595484
0.0838798
0.550392
0.00432302
0.312346
0.65303
0.0612696
0.644575
0.265244
0.630445
0.430106
0.00196704
0.479231
0.747904
0.745705
0.306718
0.756508
0.154142
0.136476
0.553263
0.561948
0.109245
0.441
0.939898
0.32425
0.0787351
0.706521
0.0588409
0.75572
0.208321
0.967108
0.196902
0.73391
0.834752
0.947581
0.950321
0.50919
0.829755
0.726829
0.792991
0.259099
0.68913
0.237111
0.482176
0.973868
0.352229
0.686614
0.991477
0.0479829
0.697974
0.518889
0.889505
0.974561
0.259446
0.715693
0.919078
0.708382
0.668474
0.693128
0.883666
0.445418
0.175556
0.992729
0.0123616
0.0322133
0.601552
0.75942
0.583758
0.880061
0.984518
0.780905
0.0903737
0.0253666
0.210667
0.50838
0.78778
0.352706
0.941881
0.128176
0.0152627
0.351873
0.660115
0.514267
0.685837
0.940146
0.359492
0.184218
0.886398
0.127956
0.577772
0.972131
0.536998
0.0774496
0.36977
0.582402
0.768299
0.0962854
0.88756
0.399402
0.897786
0.591291
0.0485755
0.104336
0.973046
0.153702
0.263954
0.421008
0.597994
0.603839
0.169459
0.0879325
0.187851
0.635489
0.929755
0.0829238
0.13482
0.0912633
0.607373
0.16952
0.837279
0.597145
0.726795
0.730066
0.51112
0.315304
0.845841
0.00468836
0.600923
0.431147
0.926102
0.384819
0.701755
0.897894
0.943683
0.728022
0.319145
0.480764
0.0218512
0.255574
0.300508
0.832424
0.776989
0.612378
0.674426
0.814027
0.772861
0.673606
0.750807
0.970822
0.245277
0.492623
0.753667
0.71381
0.600834
0.113263
0.27089
0.198554
0.270434
0.381554
0.510935
0.885362
0.911027
0.627213
0.0464109
0.608184
0.948649
0.984645
0.599299
0.183198
0.0311379
0.0769036
0.854125
0.809478
0.873302
0.904126
0.475577
0.211211
0.274071
0.897294
0.724658
0.45019
0.629884
0.298419
0.277404
0.476917
0.355163
0.228097
0.677603
0.831175
0.23805
0.452572
0.143542
0.663285
0.631779
0.391578
0.215394
0.6157
0.517201
0.223973
0.308497
0.483916
0.6215
0.702111
0.878915
0.0474115
0.280701
0.663228
0.0376078
0.626416
0.258683
0.0389611
0.637003
0.0857033
0.0612774
0.822326
0.658895
0.510744
0.78285
0.334299
0.636546
0.0960248
0.712017
0.0306522
0.0553525
0.349806
0.847495
0.868051
0.969344
0.291054
0.959551
0.114852
0.287507
0.597089
0.81961
0.598674
0.103874
0.715529
0.164711
0.671572
0.576786
0.62347
0.962276
0.475319
0.662086
0.286797
0.823801
0.896187
0.675023
0.361042
0.211076
0.786794
0.960694
0.862971
0.269111
0.98002
0.987821
0.578501
0.221725
0.454738
0.359787
0.95986
0.987772
0.4882
0.565067
0.843987
0.45341
0.359262
0.0602612
0.237825
0.852195
0.646917
0.191539
0.0951814
0.595248
0.789111
0.768365
0.596706
0.736718
0.414247
0.698438
0.184501
0.0786874
0.855268
0.753567
0.777983
0.068908
0.0873275
0.87544
0.921791
0.731965
0.0266196
0.716819
0.489802
0.404535
0.844688
0.415284
0.61362
0.718229
0.0206153
0.670132
0.252683
0.17204
0.143139
0.598944
0.798796
0.114049
0.758319
0.107366
0.00111106
0.636166
0.669951
0.905632
0.145888
0.80649
0.488791
0.212556
0.575382
0.624352
0.849493
0.891532
0.974856
0.441423
0.589684
0.448978
0.55581
0.200776
0.189189
0.543624
0.855539
0.640854
0.731741
0.505106
0.261143
0.661906
0.0969015
0.272905
0.580958
0.937988
0.362805
0.179564
0.142686
0.0389362
0.602014
0.192102
0.127349
0.473367
0.04152
0.353866
0.706319
0.428171
0.138361
0.556132
0.863505
0.0947325
0.595574
0.233627
0.107331
0.552631
0.389412
0.0529129
0.339653
0.727078
0.969832
0.0722954
0.802045
0.957075
0.0555431
0.648321
0.789501
0.23488
0.924398
0.700813
0.503022
0.214931
0.313574
0.546326
0.125428
0.728669
0.814095
0.525973
0.429609
0.138399
0.154681
0.19907
0.820015
0.2903
0.636058
0.437641
0.312484
0.0207087
0.615876
0.761917
0.434567
0.599063
0.533202
0.343048
0.956449
0.0433609
0.624644
0.798613
0.592306
0.973024
0.450805
0.0945719
0.138297
0.346748
0.967923
0.637454
0.111894
0.435285
0.185476
0.953387
0.791586
0.643908
0.307352
0.501525
0.0763557
0.0196566
0.523896
0.159665
0.052675
0.498547
0.765875
0.363551
0.322919
0.0182467
0.947023
0.146167
0.981046
0.784481
0.859553
0.63602
0.11593
0.791492
0.0460856
0.576793
0.801739
0.895555
0.493244
0.398848
0.539661
0.414846
0.509081
0.830131
0.910615
0.574353
0.0904622
0.606026
0.171379
0.0403729
0.942082
0.85837
0.971592
0.13138
0.152234
0.626013
0.70725
0.332239
0.506258
0.19774
0.717185
0.0456649
0.21492
0.112955
0.266832
0.269524
0.341205
0.0734221
0.132754
0.0783925
0.125986
0.522659
0.137474
0.804794
0.468882
0.872222
0.939548
0.523971
0.0662748
0.0109562
0.962624
0.270246
0.321867
0.186984
0.342674
0.0791933
0.779165
0.968352
0.0507387
0.521683
0.951589
0.421896
0.78513
0.0182964
0.751632
0.389889
0.795378
0.878675
0.162843
0.0584561
0.792617
0.300623
0.658268
0.0914334
0.132837
0.934271
0.285409
0.0715962
0.596892
0.645793
0.0791055
0.198221
0.800755
0.703529
0.0302943
0.620217
0.956507
0.89044
0.239801
0.664535
0.50499
0.469854
0.385284
0.039507
0.266475
0.262998
0.187029
0.650963
0.995484
0.397425
0.0237471
0.261908
0.550682
0.508045
0.503583
0.871548
0.368803
0.00662396
0.134801
0.0771235
0.681557
0.233337
0.20285
0.654854
0.81169
0.813571
0.695309
0.537267
0.0866035
0.78637
0.131471
0.0067641
0.338047
0.360077
0.457185
0.966764
0.193804
0.206713
0.29418
0.919456
0.170623
0.576828
0.728285
0.0265144
0.0937209
0.118034
0.179086
0.415973
0.497189
0.651914
0.268872
0.995545
0.465466
0.484493
0.346374
0.188216
0.443553
0.987606
0.440608
0.258568
0.454401
0.700396
0.466288
0.135948
0.560909
0.52916
0.780741
0.508095
0.736368
0.759762
0.398207
0.679291
0.514659
0.60912
0.142819
0.607748
0.340322
0.438571
0.243352
0.849071
0.86319
0.10706
0.154608
0.139554
0.369626
0.612057
0.583203
0.906043
0.575121
0.752629
0.866964
0.954081
0.781428
0.300518
0.747911
0.788007
0.541074
0.22838
0.760269
0.727749
0.788555
0.151345
0.382795
0.0337223
0.0879316
0.241773
0.334661
0.726379
0.555694
0.329169
0.00671617
0.54146
0.507945
0.518968
0.102747
0.620041
0.369934
0.669939
0.179338
0.638021
0.923146
0.0290334
0.282572
0.697854
0.726918
0.963043
0.453454
0.507827
0.684804
0.971973
0.675745
0.379051
0.477221
0.948747
0.323589
0.268087
0.804195
0.344047
0.888847
0.784697
0.0575011
0.673136
0.0570298
0.545257
0.734111
0.189515
0.826704
0.313631
0.437415
0.977972
0.0499429
0.119939
0.643051
0.0153602
0.583156
0.186726
0.584207
0.885692
0.0726221
0.832414
0.987955
0.053507
0.333954
0.134721
0.619208
0.653987
0.724705
0.290552
0.602918
0.738571
0.533357
0.111004
0.759521
0.127711
0.287093
0.0208843
0.439656
0.0905456
0.443447
0.45406
0.869061
0.656697
0.122071
0.527056
0.78276
0.801949
0.0324266
0.917519
0.0743094
0.340119
0.718544
0.268678
0.322901
0.972998
0.013777
0.27306
0.342787
0.827951
0.856645
0.560503
0.315686
0.375849
0.218133
0.393146
0.916551
0.907693
0.534708
0.962154
0.0124461
0.838393
0.56843
0.0404708
0.823938
0.129917
0.699224
0.127973
0.179571
0.986167
0.0320455
0.744434
0.848759
0.996336
0.897841
0.600236
0.668455
0.976965
0.129589
0.860172
0.86156
0.149543
0.709215
0.463986
0.166944
0.0837216
0.436549
0.00387146
0.275882
0.208011
0.336
0.776261
0.702728
0.191447
0.284609
0.844414
0.384086
0.782972
0.987247
0.424251
0.985619
0.375447
0.293336
0.315005
0.545435
0.635494
0.244189
0.238295
0.672979
0.291792
0.252289
0.190233
0.807271
0.642861
0.587688
0.0590293
0.996698
0.578835
0.663723
0.450647
0.487434
0.992753
0.687587
0.465485
0.693061
0.88683
0.967922
0.690388
0.122484
0.542881
0.0436423
0.604172
0.336721
0.370925
0.162323
0.593883
0.275218
0.236796
0.383218
0.464512
0.358282
0.473982
0.221747
0.959583
0.429146
0.412581
0.295306
0.431105
0.932562
0.597972
0.946356
0.296714
0.593862
0.418496
0.800647
0.73417
0.410134
0.186442
0.1846
0.627095
0.728211
0.707166
0.799321
0.542066
0.0867402
0.487583
0.421148
0.501731
0.347618
0.743495
0.375205
0.422051
0.954551
0.793253
0.472855
0.501248
0.368324
0.540017
0.396462
0.428474
0.361925
0.965695
0.188605
0.788819
0.88497
0.709706
0.80942
0.660246
0.215059
0.210808
0.373029
0.359053
0.539959
0.87304
0.131442
0.86354
0.123422
0.615703
0.41149
0.461125
0.550758
0.842044
0.0328395
0.0690032
0.523714
0.478177
0.586345
0.760138
0.929129
0.323678
0.5406
0.44314
0.125332
0.481866
0.509774
0.0214319
0.649848
0.350281
0.106031
0.53688
0.214229
0.669259
0.49753
0.887794
0.391652
0.466301
0.171912
0.102503
0.456621
0.928225
0.974604
0.00576812
0.279139
0.11886
0.689612
0.0460417
0.921514
0.863914
0.849254
0.462701
0.41985
0.32223
0.559838
0.057388
0.576048
0.622735
0.064973
0.18977
0.127327
0.731983
0.505955
0.192129
0.503135
0.804521
0.491104
0.400012
0.697246
0.0480873
0.262979
0.761878
0.124419
0.424322
0.453183
0.917166
0.600985
0.170829
0.933424
0.610442
0.534277
0.0185967
0.658783
0.279003
0.292952
0.988179
0.561232
0.0425901
0.533448
0.433659
0.486413
0.550945
0.180017
0.952679
0.109209
0.419675
0.778569
0.570041
0.773634
0.403926
0.922868
0.523556
0.567501
0.248518
0.711321
0.132336
0.171539
0.363915
0.573335
0.655841
0.923064
0.870505
0.620944
0.74092
0.393377
0.846849
0.583892
0.770266
0.0308861
0.834858
0.530301
0.506972
0.477656
0.0579799
0.262273
0.213921
0.0222946
0.24208
0.225267
0.0681902
0.84687
0.86274
0.752219
0.247327
0.239222
0.185244
0.919927
0.430885
0.149677
0.0584143
0.297622
0.54782
0.880993
0.238252
0.118813
0.912322
0.740869
0.429075
0.125304
0.00353425
0.361132
0.578602
0.295447
0.704629
0.84122
0.0101368
0.50753
0.129858
0.864877
0.878662
0.952443
0.177588
0.12101
0.676424
0.401968
0.0109396
0.357072
0.940014
0.965688
0.722607
0.191243
0.655279
0.931032
0.117577
0.564105
0.920991
0.0562417
0.34514
0.614322
0.729894
0.192318
0.969909
0.470473
0.795738
0.250538
0.118445
0.238808
0.638356
0.243876
0.0327031
0.588076
0.434682
0.669129
0.55873
0.250419
0.108405
0.705101
0.630248
0.467563
0.674396
0.724366
0.614004
0.113331
0.521306
0.630688
0.28781
0.0680037
0.659072
0.0932127
0.300284
0.532427
0.37294
0.94682
0.211887
0.816187
0.391199
0.244562
0.292351
0.401397
0.503082
0.219065
0.605074
0.838642
0.178841
0.381039
0.141758
0.88693
0.343166
0.0833038
0.872092
0.212175
0.359289
0.0570955
0.750123
0.0259881
0.958418
0.75945
0.00383121
0.627021
0.931843
0.317215
0.493897
0.024614
0.721642
0.470401
0.734953
0.563799
0.868299
0.999196
0.918123
0.780005
0.437055
0.0408107
0.907513
0.978509
0.177831
0.623609
0.616125
0.231191
0.889981
0.667459
0.512818
0.115752
0.258807
0.183435
0.0249323
0.165957
0.569545
0.517084
0.459895
0.710352
0.454748
0.939666
0.21311
0.13277
0.862937
0.198286
0.889614
0.0303992
0.506956
0.634466
0.599389
0.0699819
0.148544
0.89559
0.953435
0.0913692
0.925989
0.572819
0.211191
0.101326
0.113261
0.85091
0.90988
0.766025
0.372326
0.151528
0.510173
0.794363
0.184053
0.441294
0.171153
0.834274
0.480414
0.493498
0.709881
0.111035
0.928708
0.64922
0.679607
0.501876
0.778456
0.465004
0.132914
0.810292
0.660616
0.642564
0.569362
0.797544
0.260762
0.363603
0.0986494
0.00944365
0.318453
0.789192
0.532121
0.656823
0.714895
0.614221
0.305297
0.0559753
0.648717
0.300576
0.16095
0.663337
0.602572
0.115939
0.980962
0.532924
0.104235
0.161571
0.957285
0.614702
0.85445
0.721562
0.67929
0.900368
0.0489513
0.416233
0.608886
0.580912
0.815023
0.928081
0.830551
0.813034
0.76486
0.946605
0.582635
0.155254
0.42839
0.672255
0.814709
0.532397
0.159324
0.451253
0.960114
0.0585307
0.574391
0.610118
0.680376
0.673974
0.271471
0.357089
0.930247
0.547937
0.676023
0.162934
0.668422
0.401946
0.738497
0.222523
0.0629977
0.195724
0.670749
0.00698736
0.211801
0.403098
0.733423
0.779724
0.934704
0.926946
0.880956
0.995849
0.0417376
0.295573
0.197578
0.605228
0.0425041
0.877158
0.623943
0.528972
0.414489
0.325644
0.0287153
0.212777
0.711094
0.0528935
0.356385
0.403266
0.418317
0.600622
0.717141
0.845224
0.245501
0.209218
0.0895986
0.95944
0.455379
0.478852
0.443889
0.0821849
0.153097
0.780549
0.634828
0.826595
0.447978
0.238354
0.953336
0.667426
0.826958
0.248213
0.351879
0.677644
0.483879
0.278393
0.965007
0.623556
0.659758
0.930145
0.0868635
0.0297814
0.0311726
0.753878
0.455611
0.0100397
0.760927
0.0507434
0.0746886
0.630753
0.0445941
0.301175
0.164346
0.98251
0.50129
0.762521
0.641849
0.736616
0.592048
0.619001
0.0259054
0.376787
0.0177354
0.649259
0.443748
0.485068
0.237368
0.556961
0.760126
0.644377
0.122483
0.0723896
0.425797
0.0469157
0.70739
0.699385
0.650314
0.180223
0.299035
0.516092
0.0182634
0.890481
0.294729
0.118692
0.386167
0.444881
0.128343
0.999528
0.210625
0.942195
0.499402
0.793023
0.126355
0.379876
0.780304
0.247118
0.535716
0.547104
0.0926425
0.375548
0.667906
0.0824766
0.627655
0.267218
0.0834432
0.0933426
0.070034
0.76071
0.0985325
0.473782
0.395442
0.695489
0.563451
0.116468
0.865955
0.51167
0.057613
0.668258
0.631605
0.141362
0.658917
0.825952
0.227538
0.0624269
0.260316
0.947989
0.540855
0.526451
0.961157
0.977649
0.0873696
0.500086
0.735986
0.8492
0.190443
0.272725
0.901398
0.616248
0.390451
0.438073
0.280958
0.114424
0.190481
0.746133
0.615601
0.11708
0.474303
0.0921221
0.144681
0.861772
0.934493
0.208681
0.390864
0.687614
0.275529
0.0790965
0.141409
0.351356
0.375432
0.449915
0.546509
0.698016
0.731477
0.503089
0.397788
0.901342
0.970709
0.926011
0.175678
0.71223
0.0858322
0.854891
0.302674
0.239603
0.577795
0.539504
0.531206
0.875474
0.910999
0.495158
0.931305
0.579196
0.486123
0.513544
0.8563
0.231892
0.906724
0.179378
0.341542
0.749276
0.509261
0.99493
0.580944
0.254643
0.67334
0.291079
0.822555
0.0742893
0.963284
0.670589
0.64099
0.0908832
0.633013
0.39833
0.992119
0.895852
0.772241
0.0370859
0.265046
0.314517
0.990647
0.979291
0.99548
0.6904
0.278409
0.411062
0.93783
0.274156
0.665917
0.352039
0.988055
0.0806123
0.013964
0.334063
0.700652
0.730462
0.0656508
0.948793
0.556439
0.345159
0.219035
0.0416536
0.648373
0.705766
0.944009
0.969902
0.890562
0.665885
0.278238
0.658852
0.468532
0.217092
0.975896
0.0212057
0.314964
0.997272
0.814657
0.179903
0.576032
0.0326992
0.98633
0.752181
0.318982
0.0104028
0.854159
0.758361
0.0869009
0.0389302
0.613672
0.561686
0.627241
0.748707
0.173073
0.437477
0.615991
0.386384
0.306167
0.834339
0.340328
0.036633
0.737289
0.504589
0.839948
0.293423
0.214068
0.0660578
0.858815
0.809663
0.539395
0.200778
0.734119
0.170545
0.847348
0.698793
0.304931
0.336045
0.123003
0.144988
0.142065
0.654819
0.211032
0.616509
0.50883
0.4379
0.815652
0.610357
0.165114
0.53192
0.799811
0.601462
0.949658
0.222097
0.432635
0.852165
0.387039
0.595761
0.682415
0.148999
0.922932
0.037159
0.0572414
0.238881
0.109714
0.516727
0.325341
0.869928
0.0922928
0.10609
0.121711
0.0946523
0.713797
0.0608606
0.381338
0.387821
0.308957
0.677958
0.257871
0.766891
0.634317
0.007603
0.108453
0.557831
0.463434
0.992742
0.203227
0.275001
0.722396
0.878619
0.666142
0.647306
0.0604107
0.13212
0.908284
0.452259
0.76283
0.824655
0.130435
0.682749
0.605118
0.464346
0.87441
0.15874
0.444269
0.82137
0.678188
0.866008
0.390115
0.16236
0.319298
0.491588
0.761409
0.450019
0.955158
0.143739
0.447527
0.674943
0.691309
0.486855
0.113322
0.37322
0.695491
0.112473
0.487917
0.0145955
0.0765429
0.516811
0.783185
0.907758
0.929965
0.43455
0.784958
0.80675
0.804771
0.905765
0.0406179
0.634318
0.902907
0.774974
0.827392
0.884178
0.829715
0.288483
0.822285
0.0763843
0.916815
0.167624
0.947288
0.538761
0.798809
0.0466238
0.683055
0.422643
0.8622
0.347605
0.248868
0.145973
0.0236411
0.570714
0.575801
0.0990531
0.690949
0.914119
0.837277
0.491187
0.630857
0.12215
0.502785
0.216715
0.640823
0.54155
0.62961
0.318398
0.330684
0.364533
0.341134
0.339266
0.983603
0.617209
0.782453
0.998979
0.6584
0.810233
0.152738
0.740899
0.791424
0.550528
0.966769
0.488906
0.509909
0.224321
0.971515
0.429588
0.38866
0.0406598
0.0373524
0.332522
0.62338
0.972276
0.808748
0.25315
0.180783
0.557209
0.975973
0.634365
0.35749
0.85347
0.419281
0.341551
0.949629
0.474435
0.195511
0.38108
0.286581
0.70614
0.542926
0.822324
0.797437
0.287991
0.98582
0.254839
0.0635137
0.810007
0.56229
0.57842
0.0190367
0.979857
0.00950735
0.772622
0.930782
0.26313
0.14133
0.98941
0.468601
0.436899
0.239829
0.392206
0.604611
0.0607679
0.590394
0.1991
0.909375
0.477456
0.490196
0.182869
0.821398
0.0227011
0.695385
0.630649
0.49808
0.968439
0.941403
0.78075
0.486217
0.534427
0.735756
0.983359
0.615995
0.189577
0.0202565
0.626997
0.382325
0.946842
0.693537
0.922949
0.995185
0.502346
0.329186
0.308187
0.164939
0.119456
0.460034
0.424771
0.77133
0.327705
0.654824
0.879426
0.486101
0.852334
0.906427
0.804977
0.743698
0.634319
0.0113399
0.318288
0.185905
0.681336
0.171858
0.327711
0.634738
0.712354
0.0198406
0.725496
0.578212
0.903928
0.952512
0.431347
0.217465
0.306862
0.896105
0.127386
0.730086
0.593153
0.523206
0.861752
0.334915
0.944772
0.436659
0.691932
0.0422514
0.32927
0.849724
0.422469
0.565513
0.779232
0.593064
0.92702
0.60214
0.522472
0.816637
0.156498
0.722282
0.391181
0.298174
0.872989
0.527677
0.764479
0.537591
0.487708
0.192732
0.40166
0.853583
0.610695
0.0313511
0.545689
0.834383
0.334821
0.759832
0.478757
0.508978
0.462808
0.946375
0.156975
0.0160617
0.911424
0.949735
0.454551
0.246217
0.95741
0.472335
0.967878
0.102902
0.633946
0.933111
0.425894
0.638386
0.262439
0.96123
0.473285
0.654222
0.397535
0.357476
0.76717
0.0959766
0.0312839
0.970774
0.656195
0.93107
0.569397
0.622387
0.494824
0.523511
0.31273
0.676194
0.00561468
0.274227
0.0745794
0.156916
0.297653
0.176417
0.20397
0.301118
0.936808
0.30712
0.832811
0.0927488
0.679383
0.073837
0.699216
0.365206
0.637954
0.416563
0.366593
0.198735
0.657604
0.825627
0.953521
0.193756
0.988016
0.397681
0.749111
0.524682
0.793904
0.635808
0.038101
0.1035
0.968783
0.795919
0.796831
0.502331
0.547757
0.251791
0.264622
0.221527
0.584297
0.736418
0.932027
0.410356
0.0444364
0.500602
0.643362
0.517833
0.700003
0.39101
0.193425
0.561157
0.301542
0.0546932
0.887632
0.875468
0.125263
0.0469493
0.952001
0.642134
0.898016
0.200472
0.143529
0.843651
0.960324
0.381774
0.133263
0.45369
0.541982
0.538746
0.363441
0.167764
0.716194
0.15425
0.227687
0.956937
0.644457
0.737671
0.43891
0.101985
0.894766
0.436723
0.233012
0.750402
0.171979
0.482204
0.186479
0.75727
0.214035
0.0761327
0.910511
0.692757
0.227635
0.796287
0.478547
0.743781
0.939048
0.37858
0.518146
0.866424
0.298398
0.114751
0.267325
0.774083
0.587805
0.222355
0.986693
0.916454
0.497524
0.528092
0.418092
0.729107
0.658081
0.311771
0.986659
0.723985
0.389259
0.981767
0.708203
0.695917
0.820116
0.566671
0.0622223
0.503469
0.740653
0.707518
0.22615
0.858753
0.709905
0.555749
0.0210704
0.525614
0.716975
0.142129
0.812497
0.655787
0.57407
0.342245
0.639578
0.0825242
0.470168
0.141608
0.657557
0.389314
0.9485
0.964399
0.851289
0.287886
0.0805824
0.0150138
0.541626
0.783119
0.0596617
0.848407
0.636501
0.86527
0.473495
0.257843
0.0186053
0.0293734
0.67
0.0153903
0.0872784
0.807952
0.220482
0.0511953
0.195702
0.630561
0.401953
0.909401
0.504181
0.43758
0.554114
0.521936
0.293668
0.525089
0.687646
0.816383
0.491053
0.320953
0.103182
0.58764
0.0339729
0.603699
0.939872
0.913625
0.92949
0.122568
0.504238
0.690624
0.970969
0.756894
0.52941
0.786779
0.215205
0.355472
0.0962242
0.238065
0.692736
0.131375
0.833215
0.521264
0.412089
0.611891
0.104155
0.94367
0.532955
0.475817
0.701226
0.520154
0.416913
0.117535
0.642146
0.939848
0.686669
0.766071
0.200609
0.931771
0.0798213
0.950976
0.593946
0.681403
0.299693
0.151295
0.31714
0.833901
0.412906
0.839205
0.949597
0.357666
0.940603
0.0520097
0.306069
0.582233
0.6139
0.929714
0.902667
0.513909
0.605158
0.87905
0.350739
0.76677
0.314325
0.731969
0.977295
0.807692
0.606772
0.0347749
0.123148
0.730081
0.893593
0.337191
0.81235
0.191859
0.238319
0.357713
0.661579
0.93033
0.107183
0.298927
0.246507
0.805386
0.376065
0.0987081
0.609424
0.657599
0.416802
0.642519
0.024687
0.689139
0.91206
0.657916
0.605451
0.89939
0.0442738
0.0539108
0.904123
0.0669104
0.998711
0.89599
0.899623
0.719042
0.573991
0.622548
0.296923
0.670565
0.115625
0.301764
0.525452
0.168245
0.575724
0.189862
0.189331
0.955642
0.59667
0.166362
0.184974
0.911715
0.816897
0.552344
0.211508
0.993154
0.0669394
0.1807
0.133244
0.545637
0.331495
0.710292
0.544399
0.42303
0.164252
0.460682
0.0565939
0.158128
0.943123
0.0664437
0.388061
0.990682
0.823608
0.0805524
0.713854
0.0563424
0.621887
0.15032
0.942103
0.00426483
0.968862
0.833436
0.592488
0.453334
0.972645
0.853552
0.439154
0.237405
0.841602
0.325755
0.0766845
0.10336
0.778545
0.646825
0.510261
0.161685
0.107573
0.232481
0.271677
0.617671
0.775807
0.0670639
0.52517
0.101042
0.330234
0.891428
0.312708
0.742687
0.0973855
0.993693
0.546688
0.386651
0.328142
0.257785
0.498393
0.557782
0.477128
0.320809
0.697963
0.295343
0.770757
0.300416
0.520201
0.595535
0.776323
0.515983
0.73593
0.760505
0.59746
0.732224
0.68281
0.395551
0.743819
0.254941
0.832237
0.396401
0.786241
0.649816
0.387829
0.239947
0.182773
0.53108
0.462165
0.83656
0.994467
0.625046
0.821041
0.661657
0.890909
0.551853
0.573899
0.290546
0.203726
0.824346
0.27118
0.489556
0.38155
0.420263
0.0355451
0.438849
0.754406
0.906217
0.319563
0.919783
0.801032
0.933439
0.66088
0.558187
0.428496
0.531047
0.610751
0.531347
0.988517
0.275553
0.0758095
0.525841
0.0657555
0.988294
0.763277
0.470845
0.961215
0.753006
0.801825
0.546044
0.872915
0.520401
0.847085
0.673612
0.0180484
0.967011
0.157885
0.510187
0.880923
0.344751
0.987164
0.819985
0.805556
0.562954
0.834234
0.702673
0.679829
0.587148
0.9867
0.93768
0.106819
0.325513
0.294844
0.353246
0.78491
0.750372
0.416337
0.33561
0.996777
0.333323
0.130676
0.911058
0.144987
0.0138434
0.655934
0.677944
0.815984
0.165672
0.990813
0.46043
0.752812
0.86155
0.216264
0.202309
0.600751
0.104335
0.700681
0.633956
0.373785
0.129566
0.468017
0.954173
0.752726
0.477619
0.333564
0.978661
0.162713
0.138192
0.887193
0.87163
0.922267
0.818113
0.919608
0.352152
0.580377
0.686648
0.644784
0.522233
0.976337
0.768358
0.959046
0.576892
0.538018
0.491873
0.822239
0.225508
0.646333
0.615356
0.67613
0.530311
0.333411
0.217479
0.38823
0.740349
0.2332
0.974456
0.954748
0.372962
0.140225
0.726308
0.625749
0.52336
0.673308
0.0918194
0.877942
0.16763
0.645682
0.745042
0.551277
0.732822
0.217441
0.186935
0.209463
0.654734
0.187284
0.000870399
0.26133
0.253182
0.634174
0.867702
0.387856
0.516152
0.69683
0.508422
0.638054
0.710976
0.0462945
0.768964
0.410446
0.847788
0.22998
0.23376
0.102136
0.0887126
0.686223
0.156763
0.716593
0.568732
0.481684
0.154819
0.760231
0.539373
0.157996
0.403541
0.436281
0.299412
0.912749
0.520115
0.211914
0.0894495
0.454779
0.0716648
0.125504
0.680848
0.368072
0.805334
0.816521
0.288172
0.297663
0.552335
0.573136
0.0573635
0.627722
0.540367
0.840125
0.559845
0.922979
0.138588
0.102702
0.59337
0.728058
0.557318
0.121951
0.782094
0.694081
0.607016
0.117261
0.427217
0.409072
0.317042
0.199695
0.448573
0.035686
0.757465
0.242844
0.249147
0.41076
0.740864
0.64658
0.532153
0.35254
0.0742535
0.984999
0.673856
0.720515
0.0244629
0.128675
0.832631
0.084607
0.564895
0.699954
0.0261541
0.117126
0.472986
0.0873532
0.982349
0.05673
0.830316
0.100628
0.508261
0.0761796
0.186249
0.368773
0.565044
0.425853
0.488423
0.630959
0.601612
0.729967
0.960157
0.890834
0.0394693
0.758429
0.367282
0.0154593
0.893697
0.883692
0.941366
0.597423
0.231887
0.298364
0.562727
0.548247
0.565255
0.957057
0.316111
0.305705
0.732419
0.917124
0.98616
0.109344
0.129175
0.311147
0.359597
0.81642
0.692282
0.414361
0.796854
0.235838
0.937067
0.598212
0.364198
0.45045
0.00742543
0.082616
0.868604
0.144702
0.818823
0.348998
0.217162
0.179222
0.128093
0.215435
0.316246
0.151766
0.466922
0.463845
0.197766
0.0637897
0.951729
0.73501
0.225997
0.475655
0.466063
0.437486
0.517112
0.34101
0.567873
0.255002
0.447973
0.391972
0.778868
0.442517
0.0757214
0.118325
0.383273
0.934949
0.525756
0.971682
0.0704003
0.605181
0.602174
0.563282
0.39422
0.377834
0.0598486
0.468507
0.827071
0.883702
0.226434
0.861637
0.406829
0.712282
0.301847
0.416717
0.209668
0.632262
0.989671
0.991241
0.441736
0.496996
0.661471
0.506375
0.767274
0.5729
0.513668
0.829261
0.0417793
0.402793
0.834731
0.506037
0.962809
0.517392
0.404852
0.0359874
0.70464
0.0537796
0.43062
0.95522
0.808171
0.840344
0.572144
0.876309
0.410636
0.437009
0.690538
0.352554
0.126123
0.00373475
0.506816
0.752368
0.864982
0.0339333
0.262965
0.80255
0.207171
0.824222
0.0605725
0.907839
0.841975
0.103809
0.61433
0.939471
0.593481
0.304316
0.250115
0.951426
0.6991
0.122859
0.223976
0.934217
0.285884
0.893935
0.162064
0.837877
0.306832
0.865176
0.140169
0.268298
0.0795258
0.384762
0.36866
0.777016
0.115811
0.43367
0.66276
0.346997
0.305012
0.213795
0.0819545
0.912717
0.0881963
0.536274
0.553117
0.873671
0.469721
0.632236
0.665959
0.458733
0.934346
0.16988
0.244285
0.702086
0.0605451
0.598797
0.76558
0.401385
0.720966
0.54853
0.806612
0.146416
0.852544
0.297358
0.0126378
0.433528
0.7158
0.879984
0.656043
0.560525
0.106167
0.528154
0.0393928
0.0653821
0.72646
0.475769
0.256675
0.560086
0.681554
0.472485
0.264841
0.543761
0.374878
0.31781
0.431284
0.148331
0.373878
0.989021
0.114901
0.972172
0.142478
0.00747418
0.559407
0.511247
0.167867
0.860793
0.0224208
0.517424
0.586571
0.0954729
0.153564
0.521095
0.0760965
0.645248
0.687359
0.991335
0.307515
0.0766292
0.599331
0.39021
0.843403
0.0252604
0.287782
0.815283
0.502155
0.685093
0.679049
0.915111
0.749793
0.103938
0.325528
0.822869
0.265672
0.628654
0.486129
0.61864
0.86998
0.189476
0.206709
0.998832
0.164389
0.39608
0.0143267
0.176075
0.578942
0.747075
0.987159
0.462434
0.588182
0.505594
0.533508
0.463984
0.33086
0.000740476
0.577537
0.695448
0.0836562
0.247157
0.857969
0.680245
0.979268
0.0290571
0.623163
0.549398
0.623601
0.638513
0.911609
0.273813
0.454856
0.16673
0.164867
0.599805
0.320894
0.148561
0.347347
0.854056
0.489554
0.791579
0.14658
0.319855
0.872952
0.364282
0.199039
0.797797
0.865753
0.420853
0.523761
0.676985
0.859258
0.174552
0.942439
0.182736
0.570581
0.621419
0.878074
0.00481965
0.582404
0.464703
0.658364
0.701105
0.900988
0.110512
0.510042
0.375789
0.325734
0.560364
0.314972
0.233287
0.460957
0.788949
0.496351
0.50593
0.119924
0.241098
0.944042
0.170548
0.657749
0.861283
0.439597
0.29945
0.575985
0.380382
0.229746
0.252941
0.226676
0.901259
0.46539
0.384984
0.211143
0.558533
0.25094
0.951968
0.0603119
0.427494
0.846169
0.522995
0.565139
0.139968
0.813611
0.527207
0.610861
0.255766
0.421767
0.00852636
0.455739
0.768907
0.350375
0.662974
0.310855
0.305936
0.688859
0.694767
0.625579
0.712438
0.330003
0.87385
0.217849
0.863484
0.308073
0.390716
0.562342
0.711443
0.648533
0.33868
0.105485
0.58151
0.259369
0.638682
0.0915235
0.588142
0.967828
0.815684
0.840054
0.437136
0.454609
0.262977
0.675746
0.0549847
0.303726
0.346136
0.683155
0.835735
0.645924
0.227181
0.706802
0.882614
0.48706
0.358272
0.227701
0.842669
0.0198405
0.18457
0.514683
0.867232
0.613706
0.710025
0.956966
0.48357
0.0175188
0.134288
0.856092
0.64489
0.648092
0.44236
0.822818
0.284832
0.511752
0.607408
0.470847
0.525777
0.872852
0.320066
0.903973
0.156854
0.366036
0.985735
0.55652
0.399063
0.68157
0.63518
0.460532
0.0721074
0.0403776
0.824199
0.471098
0.0252336
0.205071
0.37789
0.340339
0.144222
0.92492
0.0492351
0.0996885
0.996274
0.394691
0.738355
0.93376
0.0487358
0.970429
0.106859
0.134378
0.468159
0.756011
0.714837
0.1719
0.252256
0.568832
0.665201
0.331872
0.069667
0.114544
0.675408
0.548527
0.424413
0.881566
0.0784371
0.788441
0.881064
0.803614
0.360106
0.00861352
0.0247591
0.476205
0.950296
0.225149
0.220673
0.31286
0.0166902
0.563589
0.0282233
0.379351
0.0547366
0.419357
0.719237
0.253175
0.6745
0.619507
0.966598
0.295345
0.347939
0.0685654
0.681745
0.64235
0.983381
0.18375
0.367921
0.0561213
0.67143
0.482688
0.166014
0.617505
0.148254
0.892809
0.722388
0.250024
0.447033
0.624284
0.588125
0.0384263
0.256721
0.133131
0.360323
0.330396
0.960905
0.327371
0.835434
0.890609
0.577044
0.526466
0.885517
0.309017
0.583487
0.918472
0.124682
0.896138
0.518206
0.113231
0.777538
0.993544
0.22738
0.857693
0.438164
0.201338
0.850175
0.104965
0.730307
0.0745624
0.136327
0.590977
0.832556
0.707152
0.461651
0.758559
0.906749
0.305963
0.128621
0.611914
0.815803
0.416578
0.79385
0.0957784
0.931037
0.138854
0.573589
0.860886
0.979824
0.0185727
0.0246186
0.442621
0.416284
0.246828
0.548449
0.297896
0.823808
0.717388
0.153888
0.590098
0.760058
0.89583
0.105813
0.106029
0.518837
0.849395
0.855879
0.947763
0.477889
0.730051
0.445608
0.621385
0.197268
0.250545
0.317167
0.392666
0.749446
0.298052
0.131291
0.741082
0.386221
0.204343
0.237447
0.1192
0.962612
0.19469
0.834073
0.260687
0.555476
0.173951
0.456496
0.705054
0.566613
0.146166
0.0441757
0.710909
0.262213
0.631155
0.42265
0.692373
0.126905
0.596772
0.767831
0.423035
0.6712
0.532345
0.723632
0.209032
0.976465
0.324222
0.0722205
0.28985
0.68997
0.18162
0.98648
0.720954
0.860744
0.781177
0.735842
0.743694
0.303914
0.997422
0.0600916
0.64459
0.186064
0.0840246
0.589363
0.125773
0.646455
0.0402952
0.238415
0.547793
0.252499
0.118874
0.784279
0.378515
0.0532628
0.170262
0.125001
0.917535
0.952833
0.359282
0.194629
0.356823
0.657141
0.272891
0.573596
0.805032
0.33215
0.143188
0.969684
0.345939
0.414853
0.232766
0.886786
0.350099
0.176079
0.538923
0.270798
0.00475856
0.591579
0.68231
0.36513
0.780879
0.119245
0.635543
0.00351535
0.485044
0.780417
0.087344
0.547951
0.741581
0.800774
0.862373
0.0902969
0.633722
0.82915
0.0467404
0.295519
0.791373
0.485756
0.668955
0.203251
0.0908807
0.00496397
0.600911
0.40712
0.512427
0.628942
0.306651
0.0598697
0.58122
0.334879
0.0271256
0.688416
0.647918
0.293835
0.471497
0.288278
0.641335
0.867717
0.0380562
0.218816
0.748646
0.115712
0.542423
0.381346
0.829803
0.969727
0.05891
0.374906
0.454876
0.903746
0.125709
0.898424
0.591167
0.102037
0.845367
0.484085
0.579615
0.0590889
0.918988
0.725299
0.703457
0.329049
0.556621
0.0990205
0.797733
0.198461
0.882067
0.994987
0.03011
0.0815784
0.400339
0.642506
0.928878
0.518548
0.196072
0.944494
0.387005
0.367643
0.787232
0.928542
0.811067
0.729965
0.883293
0.858668
0.325274
0.165329
0.688746
0.660964
0.875082
0.21903
0.506861
0.00855936
0.799709
0.639659
0.215128
0.058413
0.266017
0.404642
0.511802
0.315258
0.349629
0.661678
0.876686
0.222817
0.0753699
0.763654
0.84742
0.089277
0.55734
0.166562
0.307224
0.165159
0.939731
0.678996
0.490953
0.693031
0.574431
0.267181
0.294097
0.927622
0.396403
0.827567
0.190814
0.198864
0.515662
0.235296
0.635647
0.970436
0.27913
0.797614
0.523284
0.965101
0.237654
0.57695
0.0289751
0.155013
0.425237
0.789797
0.794843
0.840134
0.202441
0.307393
0.37636
0.471463
0.355662
0.525526
0.562826
0.267668
0.620191
0.889455
0.226991
0.0502387
0.710427
0.751282
0.563472
0.135721
0.977028
0.517827
0.373007
0.653301
0.270794
0.725287
0.662818
0.556932
0.08914
0.538155
0.0057586
0.256585
0.749786
0.469816
0.89263
0.556984
0.902434
0.375307
0.174559
0.972982
0.0759638
0.0140162
0.534594
0.649635
0.859715
0.0799354
0.991587
0.186636
0.585292
0.502503
0.845929
0.203699
0.233661
0.384574
0.777771
0.236231
0.214185
0.163474
0.934781
0.86899
0.070298
0.950921
0.325069
0.688229
0.549177
0.0751363
0.30475
0.527864
0.637959
0.0264451
0.35686
0.962936
0.730211
0.208687
0.509776
0.849035
0.663419
0.0776767
0.185741
0.159793
0.425056
0.39507
0.0412174
0.526855
0.522842
0.588901
0.483843
0.397077
0.821216
0.191368
0.889684
0.516777
0.289896
0.496029
0.268658
0.376489
0.773259
0.429009
0.339131
0.844553
0.311581
0.577433
0.772454
0.200419
0.381508
0.417536
0.281944
0.701348
0.659931
0.165314
0.920224
0.0613733
0.371316
0.501627
0.668673
0.245039
0.766866
0.433981
0.266375
0.282684
0.0509843
0.963003
0.843983
0.269933
0.479535
0.255226
0.682615
0.701557
0.910169
0.309991
0.382876
0.932652
0.207654
0.808852
0.120918
0.880814
0.830966
0.775313
0.00983775
0.0268
0.728349
0.247282
0.0438877
0.550777
0.356728
0.537985
0.795411
0.119563
0.0714435
0.925209
0.725235
0.26722
0.0355136
0.363879
0.925405
0.953575
0.385268
0.175166
0.175312
0.567265
0.160329
0.118264
0.957967
0.263643
0.521666
0.0688237
0.835584
0.0977753
0.898935
0.0496001
0.134935
0.672754
0.181004
0.226631
0.793695
0.0894464
0.242558
0.705641
0.253206
0.153289
0.847361
0.0946888
0.986045
0.60903
0.697926
0.64353
0.177847
0.670977
0.385788
0.912669
0.341158
0.39204
0.192751
0.0080304
0.814626
0.683918
0.916197
0.148762
0.0568377
0.334267
0.450899
0.85037
0.601292
0.864576
0.707751
0.243766
0.146153
0.853584
0.505001
0.21446
0.988305
0.638705
0.380881
0.329705
0.25933
0.955819
0.696352
0.910387
0.838559
0.898261
0.342983
0.497253
0.786503
0.481176
0.4906
0.541349
0.904723
0.0812591
0.429205
0.708459
0.532991
0.658327
0.125094
0.650781
0.430566
0.308027
0.953199
0.544533
0.977799
0.484364
0.184061
0.770218
0.0993072
0.389111
0.527946
0.528408
0.45712
0.229027
0.450063
0.69396
0.118252
0.7102
0.962182
0.227946
0.417563
0.11787
0.283017
0.936442
0.856839
0.0467503
0.736649
0.0957752
0.474302
0.532434
0.939309
0.851937
0.880467
0.109335
0.505446
0.924656
0.401325
0.280725
0.38421
0.509492
0.318369
0.875253
0.676031
0.118836
0.273797
0.594495
0.511812
0.849097
0.73763
0.322736
0.407939
0.0774119
0.923218
0.048546
0.922187
0.686294
0.650797
0.487465
0.454257
0.580969
0.396123
0.684324
0.627141
0.755718
0.80598
0.252633
0.161305
0.341909
0.215679
0.705261
0.60954
0.289769
0.603259
0.141241
0.473337
0.623959
0.54976
0.307428
0.995426
0.622024
0.575075
0.0540865
0.155947
0.290791
0.531248
0.811758
0.388581
0.0636705
0.991796
0.535783
0.711589
0.190275
0.207621
0.858273
0.932674
0.518026
0.710819
0.793341
0.866888
0.710539
0.320064
0.136726
0.100187
0.762427
0.0364758
0.732182
0.218479
0.87657
0.818423
0.115872
0.662876
0.538832
0.298454
0.280684
0.909318
0.0505397
0.823164
0.432364
0.200831
0.0461627
0.600564
0.976666
0.9435
0.061075
0.24215
0.585981
0.891046
0.946448
0.0302788
0.521476
0.782942
0.241745
0.652665
0.222508
0.670276
0.403314
0.104888
0.215943
0.728184
0.915174
0.498805
0.525758
0.435085
0.154838
0.983355
0.665523
0.649735
0.418744
0.153378
0.0350734
0.940984
0.520243
0.338152
0.117812
0.993684
0.0996834
0.824019
0.229598
0.372007
0.916664
0.0536702
0.995923
0.27487
0.31303
0.81509
0.413695
0.528424
0.881757
0.349818
0.56154
0.959723
0.180548
0.361582
0.649374
0.0607637
0.210053
0.299452
0.638262
0.333358
0.725928
0.686341
0.442147
0.382171
0.917815
0.185293
0.68047
0.166485
0.895403
0.244309
0.585188
0.183954
0.665724
0.250435
0.986435
0.84632
0.402165
0.524326
0.6094
0.382859
0.725918
0.873626
0.000552636
0.795958
0.74456
0.387522
0.562212
0.56252
0.590497
0.432601
0.767958
0.738019
0.964334
0.460911
0.0199014
0.971493
0.920684
0.57211
0.285675
0.324206
0.643823
0.226735
0.568149
0.471921
0.953144
0.165159
0.0529355
0.793619
0.611369
0.0907317
0.862956
0.551597
0.329763
0.0663532
0.644059
0.189297
0.387549
0.035202
0.079185
0.725011
0.791596
0.778511
0.289682
0.253808
0.434078
0.892062
0.534398
0.598763
0.386517
0.782819
0.685834
0.0559716
0.246319
0.310845
0.890868
0.713667
0.253592
0.695631
0.0462123
0.448954
0.00414123
0.29736
0.886702
0.706246
0.771884
0.266493
0.831078
0.642114
0.762372
0.707303
0.431611
0.72118
0.590574
0.463248
0.326241
0.286122
0.467979
0.0231161
0.701077
0.350458
0.0487448
0.742295
0.41585
0.645051
0.541188
0.826364
0.388486
0.908217
0.530527
0.913193
0.473348
0.734447
0.531618
0.275856
0.064664
0.105756
0.71124
0.00237
0.461182
0.086561
0.293555
0.659516
0.38049
0.382626
0.639154
0.693731
0.887386
0.239698
0.473298
0.678802
0.414318
0.649996
0.990494
0.975419
0.326361
0.396616
0.123155
0.448082
0.190942
0.207121
0.118308
0.492824
0.286641
0.840682
0.790482
0.400841
0.132909
0.322975
0.522349
0.481044
0.339015
0.170748
0.563539
0.0815163
0.464854
0.439856
0.530219
0.868871
0.0516801
0.371288
0.55997
0.204828
0.57428
0.807645
0.0910747
0.333951
0.762878
0.243891
0.178417
0.976285
0.0941884
0.436492
0.192978
0.971049
0.572636
0.885724
0.0794336
0.552679
0.560706
0.529153
0.54893
0.704339
0.684445
0.943025
0.537495
0.313475
0.328825
0.0950432
0.647714
0.0384962
0.545905
0.559829
0.255935
0.541589
0.286995
0.248425
0.525351
0.124636
0.688088
0.48895
0.343009
0.195498
0.0799816
0.0268178
0.877404
0.779406
0.445281
0.352761
0.839383
0.519995
0.403954
0.934359
0.867028
0.322569
0.78729
0.630647
0.643658
0.767315
0.0722421
0.588984
0.65651
0.55281
0.13212
0.0233628
0.874936
0.753508
0.717857
0.388326
0.286557
0.682426
0.520021
0.411119
0.957003
0.660246
0.0379249
0.199291
0.581149
0.814623
0.403542
0.07905
0.855602
0.204043
0.0279921
0.878495
0.0869833
0.827569
0.305338
0.482427
0.0733323
0.654649
0.625808
0.259475
0.430899
0.992562
0.834642
0.2805
0.397455
0.557497
0.00826816
0.488841
0.936754
0.285618
0.110497
0.342092
0.11104
0.102832
0.375512
0.560341
0.223465
0.749141
0.834399
0.495647
0.249659
0.476816
0.0212513
0.668017
0.0642801
0.466072
0.534878
0.0384386
0.687148
0.748583
0.523973
0.593263
0.390039
0.956082
0.751731
0.511051
0.669038
0.689662
0.795332
0.136223
0.724677
0.114003
0.27424
0.742252
0.109295
0.743362
0.8331
0.459224
0.0333947
0.714472
0.204981
0.862418
0.670451
0.734108
0.502191
0.96429
0.0216378
0.241245
0.962603
0.651658
0.0897922
0.765395
0.079395
0.7453
0.0393025
0.861383
0.180669
0.785325
0.0871282
0.213125
0.66773
0.560019
0.366847
0.659023
0.811356
0.0722624
0.710736
0.313675
0.782544
0.224879
0.710607
0.78772
0.422797
0.447198
0.456295
0.888323
0.0300161
0.992054
0.169908
0.393824
0.675389
0.700171
0.56159
0.755872
0.354881
0.462845
0.231298
0.241501
0.554533
0.0433471
0.295987
0.108659
0.219131
0.714657
0.220705
0.56564
0.425167
0.911307
0.680684
0.248495
0.30301
0.69223
0.704278
0.342045
0.959817
0.956206
0.0437041
0.293656
0.515246
0.0549317
0.101038
0.95581
0.253427
0.182778
0.19959
0.759814
0.0464135
0.597587
0.468397
0.379201
0.346595
0.150031
0.174061
0.0990923
0.829736
0.136035
0.164888
0.603675
0.57696
0.667126
0.90816
0.129067
0.589966
0.993977
0.676255
0.0638341
0.694325
0.545552
0.0773891
0.894642
0.388278
0.00671515
0.392756
0.117502
0.509421
0.171376
0.333134
0.106857
0.595933
0.0673884
0.669953
0.81504
0.00132779
0.191569
0.777608
0.563365
0.842793
0.580902
0.182444
0.230004
0.315213
0.772733
0.655236
0.589118
0.616027
0.778794
0.50265
0.798277
0.39989
0.852992
0.619056
0.673226
0.416504
0.794276
0.572766
0.180543
0.0056168
0.87625
0.794511
0.357216
0.838123
0.00331121
0.973375
0.559771
0.180693
0.066563
0.0955815
0.503027
0.866666
0.958092
0.31252
0.241877
0.854282
0.0570864
0.335317
0.22913
0.646856
0.221119
0.798875
0.550403
0.943136
0.869801
0.162612
0.709082
0.37939
0.0722706
0.792693
0.552227
0.363479
0.00609021
0.426572
0.398274
0.620008
0.566093
0.974966
0.705371
0.684017
0.787046
0.905617
0.0860678
0.835854
0.925036
0.830192
0.477039
0.0550793
0.498588
0.119492
0.859484
0.259068
0.347359
0.220377
0.30315
0.117409
0.972447
0.226492
0.747678
0.209117
0.929682
0.315212
0.568414
0.987072
0.570074
0.299169
0.824918
0.668082
0.0671802
0.136152
0.651099
0.0183132
0.842281
0.447037
0.805503
0.546094
0.691377
0.234273
0.308263
0.126982
0.980989
0.417149
0.156879
0.482262
0.555434
0.422918
0.0797061
0.304758
0.153593
0.0855476
0.573205
0.666282
0.909817
0.587506
0.808931
0.576695
0.0307155
0.374319
0.129439
0.500654
0.61817
0.614737
0.0222998
0.234001
0.970053
0.57215
0.959029
0.0155804
0.967804
0.44796
0.983606
0.968775
0.283586
0.218404
0.738152
0.322473
0.767077
0.800248
0.849467
0.964112
0.628495
0.909798
0.976655
0.0220063
0.97054
0.815133
0.145452
0.488036
0.440502
0.831605
0.529276
0.983331
0.0772107
0.0908428
0.180517
0.0593184
0.218118
0.543002
0.350286
0.974727
0.364599
0.975023
0.409697
0.765281
0.0182593
0.127266
0.536082
0.476352
0.48672
0.227621
0.40129
0.212992
0.843882
0.644719
0.137655
0.0223286
0.773082
0.135632
0.32624
0.904117
0.128658
0.10334
0.429907
0.972375
0.646205
0.387929
0.266838
0.780335
0.865488
0.548028
0.711211
0.78841
0.0299364
0.608293
0.10491
0.497337
0.560779
0.947168
0.692386
0.254269
0.0189602
0.503537
0.336746
0.523052
0.343749
0.485836
0.876006
0.950863
0.762487
0.813449
0.469425
0.391196
0.601655
0.528595
0.605851
0.818764
0.32206
0.998874
0.295655
0.511775
0.195434
0.793887
0.994183
0.64385
0.16062
0.194117
0.20674
0.202064
0.16607
0.793401
0.444286
0.67824
0.45594
0.293438
0.260779
0.0345767
0.78428
0.321086
0.922505
0.0657101
0.423541
0.714477
0.845075
0.770023
0.868805
0.164621
0.195256
0.858368
0.43679
0.220746
0.587106
0.871724
0.0124555
0.202413
0.174409
0.991645
0.604362
0.622987
0.068698
0.515468
0.674365
0.775676
0.96208
0.990345
0.118216
0.830078
0.619203
0.847581
0.165861
0.967341
0.313234
0.669582
0.998363
0.0768904
0.443894
0.146614
0.21788
0.894165
0.186823
0.141523
0.468
0.191004
0.681151
0.833955
0.639688
0.785786
0.388984
0.662329
0.59123
0.214442
0.41213
0.879929
0.0999855
0.296474
0.590161
0.494104
0.847161
0.496436
0.226782
0.841655
0.216492
0.00442245
0.442549
0.496365
0.250544
0.600545
0.235481
0.349678
0.733151
0.842779
0.604608
0.931049
0.975388
0.728606
0.261438
0.605395
0.962277
0.309925
0.57075
0.415202
0.461429
0.990546
0.110789
0.293972
0.944065
0.217825
0.0948574
0.796199
0.840386
0.412002
0.371337
0.50388
0.868515
0.809633
0.103967
0.219678
0.723197
0.464065
0.120054
0.617618
0.229435
0.15021
0.121328
0.371839
0.933089
0.816253
0.0995641
0.174875
0.674601
0.128419
0.352406
0.0895813
0.290672
0.335304
0.281313
0.418118
0.495473
0.667145
0.179653
0.758247
0.113637
0.783188
0.81228
0.730962
0.679086
0.351791
0.221222
0.893268
0.479137
0.392063
0.129636
0.7572
0.548392
0.832184
0.0165113
0.0022067
0.808229
0.276912
0.599583
0.155563
0.586433
0.750064
0.276156
0.0892894
0.45261
0.195052
0.148554
0.236049
0.740719
0.120724
0.704674
0.583075
0.809373
0.992505
0.0718532
0.91693
0.305719
0.540725
0.164328
0.109366
0.698388
0.308117
0.430945
0.60996
0.565696
0.856019
0.776711
0.741175
0.417538
0.0716305
0.495564
0.257941
0.792286
0.149612
0.318257
0.267043
0.79151
0.654684
0.158507
0.283744
0.793476
0.798687
0.912424
0.0577199
0.757832
0.932603
0.428085
0.4036
0.86806
0.562137
0.688333
0.4673
0.41935
0.0402094
0.957721
0.267783
0.766296
0.754893
0.531003
0.857787
0.831321
0.457168
0.0796628
0.764609
0.271002
0.425316
0.190072
0.785878
0.175601
0.767395
0.756675
0.924396
0.459421
0.0417121
0.161
0.476639
0.849133
0.261828
0.618707
0.837739
0.409741
0.540365
0.374348
0.962439
0.864617
0.871324
0.757656
0.412684
0.52363
0.638833
0.992271
0.0038708
0.445976
0.7841
0.184394
0.700572
0.861241
0.641021
0.857157
0.485722
0.982957
0.2056
0.547806
0.549613
0.254762
0.68961
0.120293
0.520877
0.440097
0.136535
0.131816
0.186733
0.84606
0.143605
0.195017
0.0804934
0.66859
0.592741
0.217574
0.59264
0.722592
0.0872137
0.721473
0.429426
0.863108
0.215599
0.47541
0.727321
0.670573
0.949982
0.168538
0.562889
0.0518519
0.69346
0.892135
0.414856
0.0952114
0.413099
0.446811
0.600811
0.264022
0.569736
0.518037
0.706555
0.883408
0.661516
0.693373
0.387325
0.142822
0.290243
0.235122
0.959525
0.814826
0.143941
0.728593
0.997875
0.867328
0.953474
0.263462
0.0100256
0.199244
0.482511
0.475426
0.504045
0.298915
0.0336564
0.0274758
0.66802
0.525497
0.190168
0.824646
0.0600986
0.00469672
0.180028
0.429638
0.898074
0.91893
0.545595
0.308022
0.680837
0.422743
0.0650093
0.102119
0.182564
0.275782
0.366441
0.572326
0.168049
0.105938
0.234979
0.113944
0.0996838
0.629206
0.378148
0.42005
0.280999
0.881016
0.604009
0.768231
0.459026
0.0408438
0.325179
0.0416556
0.614741
0.471036
0.304306
0.107018
0.959293
0.963724
0.202656
0.938738
0.973202
0.623914
0.0591848
0.190162
0.151024
0.992056
0.954953
0.321228
0.657645
0.440906
0.505343
0.0673836
0.518483
0.285527
0.110439
0.422812
0.617149
0.0616476
0.26738
0.11822
0.703347
0.256392
0.540814
0.0319516
0.423674
0.548239
0.559079
0.699463
0.808203
0.655843
0.0559545
0.357418
0.320203
0.999414
0.621657
0.0456706
0.349928
0.730248
0.388316
0.954455
0.0136503
0.801897
0.224819
0.0484744
0.536717
0.445236
0.893006
0.566879
0.826174
0.729423
0.359296
0.580044
0.196445
0.783307
0.63247
0.391983
0.405611
0.196149
0.29626
0.523986
0.87702
0.841531
0.890663
0.668627
0.149318
0.149227
0.0273952
0.746865
0.026109
0.493213
0.198559
0.509053
0.588798
0.925697
0.950699
0.196702
0.887084
0.135015
0.613891
0.93536
0.11713
0.740293
0.329131
0.282835
0.444854
0.292923
0.797324
0.736051
0.588229
0.967888
0.355683
0.448742
0.434087
0.837367
0.929298
0.26648
0.0947094
0.397188
0.383249
0.221182
0.47583
0.526235
0.664096
0.777314
0.845506
0.508746
0.94854
0.32745
0.659367
0.713269
0.135728
0.625062
0.373682
0.146853
0.412678
0.353194
0.873658
0.709063
0.772063
0.757673
0.31633
0.362367
0.836047
0.762538
0.525523
0.98723
0.553914
0.361445
0.48607
0.587391
0.273016
0.153996
0.434861
0.0883829
0.562481
0.0884839
0.471054
0.0545186
0.899495
0.840688
0.929701
0.547863
0.916938
0.407952
0.398033
0.619189
0.755706
0.472776
0.127392
0.113048
0.831364
0.960677
0.129102
0.798947
0.998303
0.505414
0.809415
0.921088
0.260351
0.176044
0.476723
0.888468
0.809732
0.655726
0.45867
0.94644
0.103239
0.205721
0.872115
0.72039
0.363333
0.772734
0.96004
0.703309
0.832179
0.146345
0.17744
0.200625
0.125745
0.496719
0.620524
0.303176
0.04374
0.709677
0.306145
0.843421
0.981205
0.482019
0.15338
0.052034
0.70754
0.80819
0.775393
0.11611
0.880701
0.825124
0.260408
0.553717
0.811526
0.272362
0.0321095
0.776001
0.750299
0.57734
0.138376
0.356408
0.904413
0.476783
0.987408
0.900862
0.926427
0.0307281
0.635082
0.496619
0.928888
0.0449939
0.52721
0.199865
0.503838
0.68164
0.855362
0.453942
0.915345
0.396348
0.739983
0.206763
0.714172
0.695996
0.504491
0.863207
0.235537
0.816001
0.460689
0.724735
0.398326
0.423201
0.68233
0.604775
0.850167
0.854469
0.776873
0.657746
0.275656
0.804431
0.854672
0.897412
0.194637
0.60578
0.0955755
0.910862
0.0761635
0.919215
0.737534
0.50251
0.475772
0.939029
0.17599
0.723737
0.624215
0.104817
0.4501
0.0716076
0.541646
0.00723713
0.886142
0.596072
0.214715
0.829532
0.365908
0.537816
0.912485
0.590253
0.652363
0.667942
0.38079
0.604003
0.935032
0.893544
0.134811
0.404957
0.640219
0.200012
0.026131
0.22469
0.582766
0.141926
0.567661
0.817377
0.018649
0.0783297
0.76743
0.422379
0.121431
0.783662
0.943279
0.670097
0.595772
0.888658
0.493682
0.333471
0.0863876
0.983489
0.56219
0.981724
0.345472
0.466787
0.441703
0.240926
0.796649
0.882745
0.098971
0.382664
0.904739
0.510557
0.532051
0.0746053
0.109375
0.740844
0.629863
0.383397
0.804707
0.123389
0.808062
0.070702
0.906584
0.816191
0.374331
0.0521513
0.64543
0.402025
0.59697
0.100583
0.35382
0.238924
0.575796
0.661983
0.249639
0.954401
0.641956
0.531164
0.193941
0.00905986
0.605541
0.0876105
0.625256
0.291027
0.984407
0.889031
0.858288
0.894626
0.670475
0.17882
0.116297
0.470122
0.249643
0.142372
0.0876253
0.151241
0.167782
0.308842
0.000156211
0.486409
0.0521207
0.170278
0.0259678
0.436847
0.372266
0.0673958
0.307463
0.793106
0.852136
0.974369
0.798679
0.293306
0.503273
0.459784
0.212769
0.56673
0.852516
0.202964
0.558426
0.181327
0.470576
0.182001
0.742866
0.827799
0.122965
0.229319
0.631874
0.101852
0.825215
0.174095
0.873469
0.566721
0.433389
0.3514
0.408968
0.778091
0.0535575
0.746131
0.690425
0.519362
0.643247
0.0197948
0.0160972
0.553393
0.316354
0.0100049
0.329676
0.739029
0.813633
0.608896
0.478383
0.451774
0.507689
0.664423
0.0867356
0.0996629
0.840537
0.67497
0.177373
0.473276
0.497494
0.184472
0.673446
0.654873
0.984494
0.58004
0.943463
0.42054
0.506239
0.101924
0.349647
0.978495
0.0122594
0.167525
0.427252
0.817217
0.00579451
0.271559
0.478456
0.544503
0.893781
0.466783
0.696867
0.197916
0.959213
0.492158
0.616821
0.737806
0.64232
0.078447
0.800172
0.614351
0.324079
0.370922
0.188179
0.161902
0.394778
0.894807
0.0774244
0.593019
0.132237
0.393222
0.127321
0.0066259
0.205952
0.870116
0.513061
0.0824471
0.636217
0.675308
0.645449
0.462938
0.750711
0.612744
0.532839
0.992103
0.845884
0.261043
0.381713
0.284325
0.597022
0.298338
0.491635
0.621608
0.527114
0.41061
0.399341
0.506714
0.831337
0.304707
0.901281
0.684287
0.206434
0.176154
0.240838
0.873846
0.255352
0.24286
0.129939
0.835978
0.765484
0.438966
0.398682
0.232274
0.149878
0.303795
0.679359
0.104854
0.12548
0.27211
0.892122
0.833102
0.710316
0.426204
0.170317
0.139706
0.173945
0.663066
0.601144
0.333685
0.689619
0.645061
0.036265
0.870435
0.333709
0.126251
0.242605
0.633241
0.0282226
0.0452371
0.43534
0.812163
0.878433
0.69476
0.602652
0.780092
0.533126
0.293319
0.293297
0.582445
0.542922
0.959788
0.734969
0.929013
0.26746
0.0698754
0.221581
0.8318
0.114622
0.0574107
0.106135
0.75397
0.112191
0.844125
0.164133
0.375949
0.350707
0.857471
0.759328
0.48624
0.889458
0.828154
0.486887
0.479971
0.0598449
0.559583
0.537233
0.883337
0.384815
0.767868
0.370092
0.926628
0.590548
0.27248
0.00307413
0.345731
0.297506
0.765736
0.0910052
0.578717
0.590608
0.983232
0.423988
0.816892
0.189699
0.70794
0.746342
0.708659
0.127166
0.856608
0.978183
0.604626
0.0879558
0.669933
0.610972
0.194793
0.217
0.0371486
0.399422
0.62767
0.576005
0.906098
0.22206
0.172005
0.341464
0.240572
0.866209
0.695958
0.347423
0.908941
0.517819
0.202676
0.727976
0.131999
0.954482
0.494428
0.254018
0.317823
0.601968
0.961314
0.258756
0.164197
0.098875
0.601386
0.344221
0.31849
0.983744
0.17209
0.23264
0.933423
0.741008
0.222192
0.86358
0.710588
0.513737
0.0339727
0.191619
0.0685245
0.94204
0.134168
0.496375
0.454242
0.957983
0.735222
0.121815
0.617497
0.297949
0.964432
0.395983
0.533935
0.578073
0.494361
0.994143
0.5866
0.13735
0.574633
0.809824
0.499673
0.275763
0.477571
0.747437
0.474339
0.921953
0.132515
0.950762
0.114575
0.265695
0.865929
0.523846
0.352493
0.703539
0.55983
0.503521
0.0767337
0.475233
0.616881
0.80898
0.0710675
0.60142
0.668652
0.730252
0.837703
0.955572
0.621914
0.777856
0.236208
0.759487
0.551783
0.750457
0.647898
0.434497
0.994905
0.722068
0.301485
0.505523
0.37662
0.0575145
0.21457
0.191774
0.650977
0.675452
0.938764
0.292036
0.419984
0.800819
0.624973
0.0218227
0.691
0.379647
0.173299
0.952814
0.46364
0.0873338
0.623417
0.47667
0.890183
0.591662
0.0607312
0.18644
0.437571
0.408741
0.0453552
0.544193
0.292875
0.598166
0.128154
0.648184
0.151476
0.193369
0.634544
0.0509781
0.946816
0.566993
0.909791
0.999662
0.305495
0.900911
0.050143
0.288281
0.0150773
0.601433
0.104437
0.655961
0.340645
0.894155
0.798519
0.73887
0.948254
0.0589592
0.867527
0.483875
0.880022
0.852871
0.390902
0.657797
0.0178663
0.475929
0.391364
0.126383
0.705817
0.100314
0.110634
0.551505
0.20105
0.432858
0.368355
0.278188
0.554077
0.371555
0.0133272
0.554942
0.588788
0.493747
0.608461
0.292569
0.553234
0.0497493
0.148408
0.579906
0.728316
0.233543
0.372478
0.685429
0.0562147
0.909424
0.748078
0.0892619
0.68315
0.142488
0.0583485
0.0343539
0.0604093
0.360859
0.22494
0.77879
0.460137
0.860683
0.327586
0.269449
0.823011
0.831437
0.523166
0.801786
0.00139097
0.188415
0.44689
0.507044
0.43864
0.493675
0.199265
0.562245
0.826281
0.407433
0.971525
0.384877
0.712706
0.621676
0.652271
0.192316
0.47976
0.297912
0.00240083
0.515509
0.690065
0.740861
0.0366403
0.5394
0.115659
0.678037
0.00372783
0.384406
0.638596
0.895209
0.218144
0.546624
0.925966
0.744461
0.295394
0.696287
0.625611
0.2562
0.438433
0.105097
0.0750353
0.503599
0.704858
0.917869
0.554646
0.639264
0.570255
0.588942
0.136205
0.502685
0.487472
0.638354
0.216491
0.332818
0.194742
0.516041
0.649097
0.951345
0.0564875
0.281921
0.707123
0.216925
0.999335
0.45119
0.0163858
0.280996
0.253336
0.977189
0.531204
0.755717
0.682387
0.649982
0.716488
0.207074
0.857852
0.26732
0.167018
0.179113
0.97426
0.258739
0.296649
0.548525
0.0579286
0.469243
0.246587
0.0927659
0.518417
0.365232
0.0115911
0.161468
0.0431328
0.516664
0.700367
0.361574
0.841532
0.188952
0.25192
0.531157
0.356226
0.539427
0.963588
0.481792
0.933002
0.0330121
0.408626
0.580037
0.248364
0.613726
0.501667
0.137126
0.0767188
0.835342
0.887441
0.348528
0.464948
0.689878
0.976576
0.664744
0.546809
0.455362
0.214003
0.819255
0.72318
0.61143
0.130602
0.490485
0.350161
0.0216352
0.920001
0.592222
0.0268557
0.0631134
0.321141
0.0308165
0.364665
0.338092
0.146999
0.134273
0.668071
0.493602
0.533771
0.0997838
0.505353
0.432127
0.493831
0.29199
0.457309
0.773851
0.419087
0.561435
0.381945
0.253904
0.9106
0.46293
0.748998
0.940311
0.252775
0.539754
0.350008
0.0904253
0.124357
0.125516
0.0477238
0.259185
0.665638
0.718621
0.178688
0.567482
0.370617
0.522144
0.708472
0.241807
0.185692
0.134555
0.302727
0.020826
0.273239
0.0794747
0.483485
0.452201
0.678704
0.771017
0.189249
0.178674
0.535788
0.220949
0.0732231
0.520408
0.70342
0.417882
0.436193
0.709615
0.285002
0.187064
0.139512
0.78528
0.517576
0.749909
0.422085
0.254912
0.750412
0.548723
0.506945
0.885369
0.0597774
0.119253
0.966217
0.662206
0.178133
0.556572
0.929806
0.702046
0.965062
0.197582
0.845627
0.266169
0.473335
0.654154
0.116666
0.696469
0.834783
0.499248
0.884164
0.963803
0.122681
0.549099
0.408758
0.836468
0.879681
0.0529943
0.212786
0.597218
0.0332936
0.327484
0.645471
0.698784
0.70685
0.731093
0.473852
0.787068
0.0776558
0.829717
0.51907
0.0649322
0.232403
0.842198
0.225382
0.732044
0.946258
0.697248
0.556979
0.357097
0.727876
0.353338
0.855088
0.99088
0.225074
0.32757
0.541448
0.235473
0.981496
0.698486
0.907616
0.21327
0.126166
0.176598
0.966582
0.765649
0.827949
0.138545
0.896037
0.215552
0.903376
0.243865
0.426933
0.697005
0.570635
0.506859
0.793864
0.433407
0.889377
0.358648
0.632509
0.80798
0.490725
0.61418
0.74766
0.833565
0.827396
0.260185
0.295109
0.151466
0.367623
0.646341
0.85651
0.863528
0.944809
0.0541258
0.245242
0.243978
0.442877
0.543762
0.774827
0.626331
0.41386
0.63691
0.341938
0.0960458
0.706872
0.175651
0.175572
0.369969
0.673586
0.388858
0.364852
0.132811
0.179009
0.985689
0.919574
0.21459
0.342327
0.271757
0.251512
0.261304
0.557097
0.849438
0.0184179
0.657125
0.232044
0.867973
0.55246
0.368412
0.914399
0.219897
0.186225
0.877219
0.937587
0.764089
0.773798
0.000708417
0.671952
0.299811
0.998724
0.985961
0.922852
0.524658
0.823741
0.754323
0.139454
0.768416
0.313176
0.959088
0.0416532
0.638793
0.961037
0.234083
0.674485
0.341952
0.077694
0.360444
0.0265142
0.353604
0.318624
0.713241
0.724813
0.39538
0.232442
0.483611
0.308656
0.110381
0.47309
0.678739
0.576886
0.591712
0.452797
0.339013
0.0644678
0.0763156
0.175785
0.285693
0.537312
0.384424
0.417449
0.812529
0.867431
0.798609
0.429078
0.693137
0.202908
0.223075
0.638573
0.518741
0.915741
0.159574
0.636793
0.674983
0.918356
0.780727
0.325672
0.163099
0.949025
0.896789
0.0880322
0.297038
0.375586
0.482716
0.877926
0.72613
0.125283
0.40172
0.411862
0.0549222
0.900138
0.418317
0.618894
0.0507133
0.547919
0.678353
0.156451
0.560633
0.317207
0.391354
0.434957
0.45266
0.172815
0.253925
0.0825781
0.692423
0.3452
0.607567
0.664976
0.268088
0.566586
0.481368
0.857883
0.474358
0.242615
0.749057
0.504196
0.14
0.255251
0.876326
0.902544
0.686157
0.304247
0.210468
0.987361
0.480403
0.354346
0.238763
0.107717
0.833165
0.560473
0.721598
0.60579
0.530618
0.12596
0.27047
0.204705
0.511793
0.760358
0.634413
0.365244
0.137439
0.0483677
0.904731
0.691484
0.458401
0.877739
0.903063
0.0902682
0.398221
0.888776
0.487723
0.0220148
0.278641
0.674334
0.353583
0.600611
0.390453
0.485416
0.00394006
0.658055
0.655112
0.841805
0.579646
0.869303
0.273217
0.340242
0.175259
0.556072
0.968355
0.733232
0.740422
0.799022
0.57264
0.142982
0.555151
0.194532
0.151293
0.089441
0.564837
0.849235
0.894837
0.203764
0.501872
0.163487
0.633366
0.972508
0.142567
0.364464
0.21958
0.62469
0.352207
0.622371
0.67852
0.769349
0.948861
0.112961
0.930297
0.450211
0.340398
0.18059
0.119498
0.0127853
0.116717
0.985247
0.734023
0.71329
0.331115
0.924123
0.773274
0.19246
0.505074
0.619633
0.84197
0.210619
0.742484
0.291575
0.751395
0.873727
0.987934
0.484447
0.721451
0.20236
0.769131
0.555178
0.884664
0.100966
0.402259
0.0210951
0.565687
0.0439215
0.568923
0.877917
0.453909
0.507616
0.934792
0.323823
0.179629
0.024414
0.681317
0.0994724
0.311329
0.179644
0.243753
0.414133
0.800139
0.149193
0.186685
0.967002
0.47539
0.0416546
0.665595
0.338427
0.979091
0.805017
0.656111
0.688853
0.945853
0.366983
0.099951
0.633293
0.611684
0.97962
0.275635
0.257268
0.794348
0.249184
0.281353
0.138582
0.629332
0.504566
0.145017
0.823643
0.599817
0.610501
0.0653288
0.238489
0.770904
0.894252
0.674254
0.825644
0.277431
0.335747
0.807444
0.316197
0.579109
0.820128
0.578636
0.64564
0.814393
0.838476
0.398753
0.706033
0.99017
0.101361
0.139439
0.725362
0.353233
0.740702
0.180042
0.461727
0.588917
0.771101
0.611156
0.471326
0.591541
0.464377
0.46087
0.763528
0.798173
0.444174
0.295385
0.403886
0.0738292
0.203437
0.310964
0.637846
0.0931276
0.150085
0.488468
0.415032
0.299279
0.834146
0.546483
0.715619
0.395752
0.420904
0.11364
0.697097
0.594896
0.273838
0.460267
0.920741
0.22223
0.763693
0.840517
0.351797
0.893891
0.24947
0.86574
0.27183
0.382963
0.714784
0.832231
0.977046
0.210291
0.681423
0.673785
0.666659
