0.852782
0.827842
0.923611
0.27587
0.64501
0.418188
0.992046
0.470746
0.675336
0.93333
0.571103
0.438342
0.320046
0.915464
0.982108
0.279705
0.0197772
0.336299
0.886147
0.111265
0.312077
0.524825
0.119375
0.760876
0.312653
0.288987
0.32581
0.411657
0.263354
0.486418
0.226709
0.931301
0.044547
0.976475
0.782996
0.450524
0.213963
0.103098
0.54499
0.536087
0.667935
0.0808333
0.646777
0.145742
0.403092
0.91844
0.423447
0.642315
0.615654
0.799647
0.442745
0.700247
0.819064
0.265361
0.0557054
0.707487
0.800666
0.967305
0.992052
0.0422377
0.923263
0.0628205
0.38149
0.127719
0.439161
0.00860256
0.874003
0.887014
0.518495
0.305778
0.396395
0.40264
0.224949
0.5513
0.285895
0.371232
0.0494597
0.814143
0.621299
0.310812
0.229097
0.430814
0.724517
0.862068
0.682112
0.577215
0.801968
0.16709
0.637494
0.991581
0.909377
0.473889
0.610149
0.897814
0.712481
0.425573
0.527658
0.228589
0.894581
0.108785
0.949908
0.39808
0.0280311
0.447067
0.205917
0.890865
0.94041
0.075977
0.138531
0.513994
0.867087
0.80627
0.840046
0.916626
0.824535
0.656176
0.903594
0.278557
0.824242
0.683298
0.716831
0.780881
0.662261
0.750807
0.202141
0.568783
0.648609
0.697805
0.637521
0.80913
0.789339
0.725377
0.0271078
0.953098
0.136367
0.208915
0.130725
0.871393
0.888933
0.00636953
0.695357
0.819801
0.654412
0.460128
0.733118
0.566955
0.443772
0.525681
0.565905
0.640904
0.596035
0.767201
0.678107
0.134215
0.250831
0.331355
0.183466
0.595221
0.774302
0.344325
0.295375
0.90394
0.476335
0.573888
0.27273
0.158957
0.696588
0.193626
0.139148
0.106696
0.302469
0.294433
0.00402173
0.138155
0.743974
0.172553
0.650897
0.80381
0.519084
0.0885184
0.697368
0.865021
0.455355
0.889174
0.532014
0.323418
0.181126
0.559135
0.249549
0.377308
0.102343
0.986917
0.253329
0.418035
0.436678
0.732287
0.383841
0.295254
0.848811
0.126728
0.47693
0.785111
0.998041
0.794468
0.0272995
0.959313
0.335493
0.0470208
0.605938
0.974057
0.6914
0.674485
0.200812
0.208895
0.863349
0.865537
0.72112
0.0201681
0.374651
0.313261
0.498305
0.729183
0.714941
0.126015
0.800613
0.330787
0.413694
0.329175
0.615412
0.313907
0.783845
0.670448
0.537431
0.721635
0.729783
0.639482
0.636199
0.10201
0.114723
0.55608
0.466963
0.743604
0.0917214
0.797065
0.545638
0.970468
0.205805
0.900786
0.735116
0.789972
0.397483
0.909103
0.114585
0.149167
0.214708
0.130492
0.0693561
0.0895304
0.596744
0.956944
0.120845
0.855571
0.822231
0.472035
0.672603
0.164006
0.765944
0.241591
0.53736
0.722972
0.205478
0.584125
0.144478
0.457226
0.417148
0.395864
0.450943
0.624294
0.560107
0.782828
0.301238
0.806325
0.702189
0.343649
0.0206047
0.387005
0.317558
0.134584
0.435461
0.746403
0.00937151
0.997277
0.281523
0.970471
0.787568
0.978169
0.153952
0.387937
0.918095
0.503711
0.459743
0.118667
0.599556
0.848547
0.152019
0.640788
0.709539
0.081247
0.720681
0.00338208
0.859027
0.985976
0.19367
0.336438
0.614317
0.910209
0.0252353
0.122266
0.155797
0.74535
0.100912
0.115298
0.939078
0.500329
0.170378
0.856396
0.332181
0.527048
0.445528
0.315228
0.153639
0.314935
0.852921
0.402537
0.939083
0.409658
0.769167
0.363104
0.641263
0.869622
0.927318
0.413445
0.929628
0.437986
0.808681
0.352964
0.335551
0.325825
0.0969761
0.72025
0.00639548
0.410386
0.90143
0.062298
0.894728
0.459545
0.337377
0.422989
0.21781
0.0973376
0.248255
0.450722
0.431792
0.417212
0.441352
0.153164
0.0101148
0.749258
0.952371
0.909234
0.0742084
0.51317
0.0903023
0.0321235
0.117749
0.149922
0.852725
0.245997
0.913314
0.790409
0.956562
0.348115
0.687059
0.58756
0.416276
0.974886
0.00654187
0.565303
0.743329
0.746056
0.276149
0.934955
0.807549
0.510984
0.416974
0.155717
0.993064
0.286552
0.268429
0.782877
0.060818
0.710123
0.625028
0.877147
0.344111
0.717686
0.444654
0.181075
0.600712
0.420464
0.0110547
0.294531
0.640672
0.69846
0.752349
0.443966
0.871064
0.0960509
0.856779
0.30884
0.478225
0.579654
0.311192
0.0227197
0.541215
0.774589
0.294405
0.722708
0.558201
0.73909
0.221565
0.88109
0.379457
0.326571
0.647653
0.949003
0.49751
0.108986
0.956713
0.925125
0.375982
0.464881
0.386335
0.952809
0.223191
0.902056
0.0106788
0.66676
0.937551
0.0170243
0.00221301
0.0246051
0.605268
0.102098
0.388976
0.173547
0.605959
0.617123
0.273107
0.255138
0.0335754
0.337991
0.721304
0.953475
0.107868
0.875531
0.449542
0.261031
0.759388
0.804905
0.241397
0.347773
0.733658
0.272478
0.889011
0.777547
0.29117
0.147152
0.458298
0.729725
0.786571
0.718714
0.276278
0.0164541
0.381509
0.539091
0.338904
0.836232
0.49504
0.843685
0.910756
0.559288
0.366781
0.787751
0.31197
0.568049
0.0846635
0.0731517
0.936159
0.529436
0.660969
0.637971
0.594303
0.992907
0.825324
0.61493
0.740683
0.520632
0.720447
0.12287
0.682534
0.717956
0.674755
0.666337
0.472822
0.057352
0.376102
0.624701
0.114298
0.53367
0.654596
0.956695
0.955468
0.897174
0.906154
0.145059
0.376342
0.682165
0.533315
0.715559
0.82399
0.00425935
0.68103
0.741202
0.918039
0.580238
0.0208956
0.837174
0.597066
0.274769
0.315171
0.00583972
0.481861
0.168478
0.375105
0.513301
0.975969
0.167787
0.866953
0.726935
0.410977
0.68013
0.363378
0.295552
0.461059
0.69034
0.15199
0.0759722
0.590766
0.483284
0.8082
0.965847
0.103971
0.698211
0.473953
0.108252
0.21887
0.424168
0.189153
0.107871
0.385778
0.0835953
0.5541
0.0173389
0.996525
0.999193
0.642889
0.603863
0.724895
0.775778
0.197138
0.101113
0.228047
0.38442
0.703861
0.337389
0.946167
0.806755
0.53805
0.807646
0.117334
0.29986
0.378304
0.738415
0.79477
0.789713
0.415795
0.895001
0.685333
0.0355716
0.873557
0.575684
0.0721781
0.667592
0.815934
0.450655
0.797708
0.370536
0.791871
0.607889
0.0155674
0.331554
0.628625
0.20696
0.531603
0.00938154
0.526519
0.420579
0.502221
0.830838
0.473636
0.327146
0.854338
0.96399
0.371551
0.335468
0.499725
0.604617
0.552469
0.426485
0.513975
0.510065
0.0326835
0.168171
0.799395
0.833278
0.641735
0.144751
0.0866978
0.74344
0.385361
0.872049
0.822775
0.194019
0.27798
0.539001
0.0403559
0.778711
0.0802006
0.662237
0.445826
0.581921
0.327045
0.281288
0.0269769
0.338866
0.922524
0.199453
0.849797
0.610439
0.811556
0.374439
0.0537223
0.925795
0.883098
0.0333641
0.962707
0.669123
0.0769285
0.203082
0.113999
0.507111
0.372376
0.709535
0.470233
0.223956
0.847201
0.823125
0.335361
0.0773298
0.405336
0.30741
0.452592
0.413484
0.354436
0.0287325
0.0781553
0.540062
0.378012
0.166721
0.523044
0.688673
0.689503
0.291906
0.482284
0.810551
0.987387
0.0519867
0.188786
0.600344
0.442552
0.59682
0.361807
0.218491
0.431282
0.491532
0.712728
0.149211
0.0987969
0.553714
0.49104
0.31018
0.600387
0.609951
0.435941
0.462056
0.856841
0.891301
0.93538
0.132738
0.134873
0.544139
0.565452
0.609611
0.433521
0.474627
0.559304
0.838736
0.964495
0.776501
0.19277
0.250754
0.895849
0.300736
0.957202
0.635054
0.898302
0.381017
0.802341
0.622784
0.182111
0.856526
0.342333
0.180686
0.160395
0.740623
0.155476
0.160137
0.391147
0.586972
0.637569
0.0635291
0.368139
0.394404
0.69358
0.716075
0.640124
0.744604
0.770685
0.0813151
0.436359
0.649102
0.315026
0.612135
0.918211
0.968524
0.681406
0.20639
0.670925
0.650166
0.674334
0.325904
0.486882
0.783537
0.773615
0.572591
0.60909
0.946322
0.449939
0.195018
0.931868
0.801711
0.0268359
0.0025364
0.64857
0.441608
0.651118
0.935784
0.129236
0.11431
0.626631
0.0858902
0.0975604
0.810085
0.65902
0.708066
0.897756
0.142023
0.590614
0.826031
0.89973
0.99489
0.0218527
0.492477
0.978976
0.31437
0.551641
0.585298
0.388431
0.680644
0.518282
0.233185
0.439091
0.605213
0.530345
0.762328
0.827236
0.0269022
0.105253
0.77642
0.0214774
0.738083
0.22196
0.491354
0.278635
0.769366
0.698823
0.986548
0.39877
0.843805
0.493741
0.787077
0.5609
0.934306
0.917214
0.767826
0.238929
0.727693
0.2991
0.844472
0.0194504
0.141302
0.521504
0.711819
0.356399
0.0375403
0.255102
0.0582523
0.564342
0.708295
0.141813
0.276101
0.608841
0.28477
0.518162
0.153773
0.827685
0.53982
0.657061
0.260667
0.82697
0.81881
0.217663
0.774672
0.02372
0.339818
0.265732
0.285143
0.593101
0.354147
0.216672
0.670543
0.0624411
0.370717
0.372415
0.977931
0.753461
0.74138
0.981903
0.881246
0.344383
0.399437
0.367664
0.0352372
0.581243
0.451134
0.75197
0.0673886
0.745618
0.286168
0.246469
0.510565
0.616589
0.0821434
0.750949
0.759955
0.286428
0.191933
0.921151
0.176305
0.703781
0.274704
0.686398
0.990769
0.834779
0.605334
0.0812721
0.779303
0.891868
0.368252
0.085778
0.924425
0.637409
0.841939
0.325415
0.298616
0.466997
0.261461
0.993832
0.656305
0.961241
0.898855
0.349136
0.136814
0.0455628
0.541513
0.135796
0.466735
0.626131
0.839246
0.915018
0.398144
0.708097
0.917528
0.124459
0.918273
0.191379
0.325787
0.620542
0.719076
0.916108
0.250805
0.32271
0.373945
0.222622
0.421058
0.492335
0.48051
0.57066
0.831063
0.223182
0.693291
0.811256
0.823874
0.128765
0.152977
0.426892
0.32133
0.439943
0.845352
0.39958
0.27666
0.452446
0.297127
0.603608
0.97929
0.247037
0.0944859
0.53147
0.651076
0.265564
0.100245
0.948229
0.283116
0.605706
0.120338
0.993533
0.352358
0.699995
0.682036
0.648976
0.532371
0.287235
0.000628101
0.290656
0.620681
0.601561
0.514568
0.65227
0.9925
0.554328
0.330808
0.65701
0.754126
0.108012
0.159794
0.815206
0.59356
0.0353111
0.0553332
