0.927493
0.436118
0.862678
0.62036
0.119547
0.471957
0.34022
0.529842
0.716101
0.988379
0.720493
0.912577
0.505499
0.558269
0.50319
0.462474
0.546592
0.447584
0.854451
0.604231
0.498544
0.979926
0.0343173
0.977002
0.363186
0.67952
0.346233
0.855875
0.0450595
0.660119
0.749941
0.132996
0.982361
0.0953552
0.282673
0.802111
0.077557
0.627384
0.00809391
0.680287
0.533933
0.438667
0.199551
0.138001
0.382333
0.762421
0.0404711
0.252956
0.504771
0.822605
0.981723
0.823455
0.301827
0.0479443
0.247848
0.544056
0.887726
0.34384
0.0332686
0.162872
0.877364
0.210302
0.272753
0.492442
0.22342
0.490301
0.954943
0.651969
0.757504
0.435246
0.552881
0.0531526
0.322511
0.404981
0.908434
0.809137
0.258296
0.129847
0.493327
0.3785
0.71847
0.287805
0.623436
0.811874
0.312508
0.385711
0.34393
0.815769
0.669285
0.379419
0.458497
0.303614
0.910565
0.488618
0.75579
0.108062
0.39359
0.870187
0.360861
0.917118
