616.03
894.137
939.207
983.641
940.291
755.833
944.961
964.43
903.62
934.177
687.773
860.798
853.578
920.742
1000.15
986.515
1080.28
976.769
1145.24
945.737
808.802
778.543
879.658
1025.78
1115.03
821.421
1046.79
797.855
751.818
787.918
798.415
951.472
1034.4
966.634
1010.65
1019.6
872.27
823.537
757.789
906.331
916.949
849.274
999.376
841.849
898.154
910.961
831.163
895.838
909.993
759.397
1110.03
1009.03
876.545
867.638
947.297
814.844
1118.84
923.666
1062.26
838.434
709.221
1003.29
942.246
1069.8
1079.44
871.485
1163.1
1002.42
1078.72
1030.14
817.681
613.583
862.073
1140.2
1049.6
841.513
1009.35
1091.17
903.539
857.292
864.378
779.93
690.013
860.369
853.59
835.107
828.169
1084.56
991.625
982.74
904.746
671.403
751.859
810.544
1046.05
1126.19
1074.04
944.785
914.871
899.182
704.152
1133.35
773.781
831.129
710.854
782.203
821.537
1002.7
885.939
756.547
756.117
921.405
830.394
1157.26
1101.54
934.164
903.596
980.51
1025.2
799.57
1029.03
796.686
741.831
905.75
780.396
816.288
858.092
1144.09
943.388
945.244
1062.02
952.475
1004.87
773.27
701.418
912.286
946.579
773.455
976.011
1041.32
810.794
853.775
1011.69
875.801
936.427
938.682
711.396
992.227
908.462
1131.83
968.875
1007.44
836.203
972.204
719.329
1055.41
988.651
866.729
927.011
818.032
1039.18
1016.17
1011.1
978.239
987.529
937.865
913.552
1063.32
911.709
1082.7
801.166
1037.55
1115.28
1002.89
1029.55
830.833
927.291
970.195
923.84
1041.24
853.897
823.979
764.638
1014.83
1143.09
1070.49
874.397
894.878
1002.83
928.827
923.299
936.751
932.923
946.074
1051.67
1069.38
859.205
992.021
1121.73
824.021
955.121
1037.05
967.392
1015.51
826.716
1093.16
1051.06
968.953
1009.9
788.299
641.765
899.404
882.864
1086.88
1147.62
947.436
1103.3
956.837
859.24
1005.67
945.762
981.914
920.601
998.822
894.521
824.344
834.568
892.739
900.196
995.248
968.009
906.181
883.762
860.038
779.952
1026.9
817.677
952.052
861.772
1053.2
826.166
977.123
1018.73
1015.41
1087.26
894.719
885.772
943.987
919.853
903.258
810.396
899.601
936.773
744.705
1028.85
747.631
1103.36
1089.15
820.753
935.12
950.328
1074.36
952.281
975.437
694.827
1028.15
1029.39
1127.93
770.663
766.938
929.382
903.255
706.37
881.842
1037.57
944.899
854.41
852.041
1097.08
1070.01
992.745
1013.95
811.431
980.609
917.948
998.952
716.341
980.908
750.393
1051.3
783.502
949.219
764.58
1085.98
985.445
790.514
834.333
751.098
1080.68
1058.99
903.667
983.518
793.115
744.593
876.284
902.115
817.352
1009.82
794.67
1118.63
1022.45
958.659
1079.59
807.329
962.367
815.425
924.025
858.175
1023.33
1068.83
813.585
1052.93
802.821
1063.24
870.83
829.081
720.112
1092.29
1011.55
982.499
1096.87
842.93
837.953
997.275
718.174
804.904
1012.47
740.315
930.341
777.253
814.836
1079.81
1038.62
991.348
905.106
859.009
922.503
964.602
940.135
1080.16
809.719
1127.94
1000.24
817.249
785.195
961.809
1098.83
637.415
1149.39
903.128
797.36
765.409
878.292
1002.91
1047.16
898.812
1072.61
1025.28
944.211
956.779
1064.62
948.161
987.934
1069.14
775.833
816.45
850.877
1031.02
837.33
738.805
1110.86
798.935
1014.11
834.784
906.546
970.274
968.682
885.402
955.015
808.474
870.097
837.028
884.932
852.392
882.089
755.319
1106.01
883.852
982.575
927.474
905.491
884.118
1015.35
923.333
961.132
1072.83
993.517
899.429
851.972
1042.5
1005.75
805.959
743.928
1079.14
1040.71
1123.87
830.805
1020.45
824.428
737.508
936.309
901.289
864.154
915.86
836.699
895.311
808.348
807.051
1034.31
1098.9
1084.5
966.49
1124.96
1020.75
772.113
1131.82
734.573
904.04
924.951
831.901
698.311
844.631
817.299
1012.14
852.745
872.205
786.069
955.265
918.581
963.825
933.249
1112.8
1119.35
909.137
976.197
927.517
707.57
734.509
764.654
941.971
746.896
841.484
1013.19
976.84
1009.33
783.798
872.68
845.737
1034.99
833.345
894.559
1062.44
967.812
1014.26
1092.29
885.481
960.6
968.057
1010.96
865.123
888.63
842.402
867.957
1070.41
882.455
856.756
964.436
875.055
1088.48
831.048
950.439
735.171
957.468
909.72
820.315
1079.84
858.094
1102.72
1004.27
966.267
814.553
821.596
854.809
983.95
1075.68
924.769
869.886
1132.55
607.426
857.804
772.92
992.568
748.322
1133.5
1017.56
957.339
860.413
917.138
1100.11
777.158
883.736
878.537
930.329
942.715
1013.55
1016.74
1081.37
834.939
626.049
760.928
779.137
889.228
878.324
697.485
1125.07
977.375
815.465
718.639
849.408
904.303
995.633
1096.78
907.041
936.375
793
904.725
865.693
1105.36
952.936
1124.04
926.7
1103.26
919.376
848.914
874.309
775.218
850.511
881.688
968.803
778.56
1147.7
924.865
1031.8
1101.3
831.098
898.004
951.057
793.044
691.396
1103.24
891.547
1052.2
844.704
944.057
1021.49
999.512
945.816
855.644
1042.68
983.597
866.321
1004.15
991.907
793.113
1103.67
1034.98
887.95
1086.54
1064.43
899.745
891.727
931.337
987.606
1148.63
993.948
971.883
795.37
836.737
826.841
694.009
836.669
1040.58
974.032
843.491
810.44
1143.36
1061.76
1047.54
972.774
1006.21
705.03
873.373
998.975
851.957
928.725
1021.53
1118.12
965.13
1121.63
1044.43
1127.12
722.485
845.044
986.745
893.568
832.901
1029.36
902.409
1007.09
990.352
1046.96
924.472
883.175
845.743
822.976
992.897
805.136
1021.58
763.489
1104.59
1008.07
923.208
1111.53
796.822
1000.08
863.172
892.871
732.671
728.01
982.073
1080.66
933.431
1076.53
863.218
798.273
955.142
959.497
1113.31
902.465
895.798
878.408
913.017
856.876
918.448
914.359
922.783
938.184
783.265
988.613
1068.06
1094.42
903.425
930.026
979.833
1001.47
843.888
791.219
983.826
909.657
812.212
1122.84
670.817
769.778
846.75
899.791
875.882
959.847
891.053
892.2
1113.74
784.296
990.617
921.155
1037.81
876.061
734.77
1010.89
1109.15
820.295
941.319
865.074
791.363
843.158
1065.04
927.182
1099.98
888.72
1081.34
949.446
921.18
829.392
762.201
783.51
762.599
977.589
857.516
1095.64
736.865
921.418
932.554
932.399
909.294
902.968
1088.92
873.218
717.048
936.659
807.994
963.72
890.939
881.613
965.944
860.599
968.617
1099.96
858.318
749.482
959.779
1034.69
839.424
977.22
855.145
1010.21
853.643
874.424
883.836
730.433
831.013
1026.03
1131.81
982.354
911.962
971.036
714.188
964.286
965.316
754.551
892.125
806.226
858.752
1022.98
969.403
910.107
990.348
890.237
921.772
867.425
924.285
1053.92
945.865
790.322
823.818
919.012
760.47
711.532
1117.77
1065.57
854.461
916.375
943.383
860.889
969.805
797.511
790.494
808.604
973.973
924.112
1123.5
854.622
986.924
991.916
923.964
960.452
1060.79
863.068
975.928
830.706
975.541
823.099
1145.04
1025.37
782.873
824.049
940.938
938.442
732.857
899.718
1050.36
921.27
1001.6
1123.36
839.49
952.168
846.327
917.014
1021.53
1136.45
892.018
894.41
763.331
1009.88
915.77
988.143
1046.47
931.302
936.189
958.534
928.25
858.74
925.297
1025.21
652.637
951.981
849.283
770.101
774.106
855.229
891.254
1072.78
1058.61
1109.86
1083.2
966.919
740.031
829.224
608.929
873.384
798.416
1035.12
811.587
929.923
1027.27
953.141
928.83
1040.36
786.486
1103.35
862.297
959.436
920.74
747.288
742.522
777.596
1008.17
747.793
967.763
1077.53
1055.19
1050.44
907.872
1069
860.363
982.17
887.335
1116.01
794.527
904.669
863.456
989.763
933.155
1047.16
948.212
1026.21
1119.84
855.614
887.746
971.781
1006
1051.15
782.823
723.991
964.852
926.443
1045.31
889.816
856.808
1033.33
778.157
777.033
837.149
983.014
1135.22
1031.32
823.766
705.62
893.801
939.66
724.663
880.828
948.408
826.5
947.596
1069.75
925.448
1113.91
787.907
898.294
927.422
1002.98
959.842
696.422
980.761
1069.27
1074.23
959.779
1082.92
903.259
887.396
865.866
865.231
704.106
1019.13
919.835
881.366
1056.13
741.866
1096.67
1044.52
1049.86
990.97
918.023
952.514
949.554
1045.78
919.749
1112.4
1098.12
933.795
982.975
956.989
911.766
988.503
753.18
906.531
971.311
1061.99
755.759
832.127
953.587
929.185
890.895
756.706
1026.52
748.874
1032.36
977.546
1082.88
919.465
987.1
875.053
962.932
946.288
922.248
891.578
976.162
886.882
942.659
897.324
996.7
901.511
1080.45
895.059
853.462
976.112
999.568
799.448
894.436
1044.5
833.806
894.067
822.808
835.022
741.074
891.779
1146.07
875.654
1099.33
949.525
897.013
892.534
963.655
783.066
785.047
907.638
861.289
952.156
916.815
898.679
990.312
862.701
969.83
965.197
999.087
1082.98
897.226
905.371
820.444
848.805
1019.12
991.53
852.7
868.431
967.444
909.239

