752.819
975.491
937.642
947.858
953.905
835.478
953.347
1003.02
925.96
942.633
820.353
900.651
880.203
978.447
997.574
946.502
979.438
974.185
1053.32
962.621
855.401
842.322
949.663
1035.51
1085.88
889.21
980.831
895.517
831.831
903.163
833.613
977.677
1013.68
967.602
945.48
1005.94
890.288
922.824
848.84
971.808
916.827
892.971
1031.9
862.856
915.111
905.875
869.74
916.639
1022.4
848.919
1047.03
993.263
881.825
921.273
1009.39
879.846
1037.6
941.371
1032.52
919.975
794.074
976.536
1007.96
1017.14
1038.47
903.8
1067.45
977.754
1007.36
976.124
906.172
770.929
976.286
1086.18
1013.02
888.099
1010.48
1027.96
865.215
895.582
931.028
854.111
819.209
927.234
831.853
910.725
892.231
971.658
1015.69
992.968
968.189
796.046
817.764
946.621
995.558
1103.89
1006.08
975.554
912.913
937.958
864.796
1021.37
879.165
864.649
834.751
839.015
945.044
979.354
957.407
819.487
874.161
993.167
902.864
1097.3
1065.71
973.452
924.586
1035.53
1035.11
874.294
990.143
805.086
808.473
933.21
877.151
911.854
870.535
1094.51
992.766
933.865
1026.12
900.076
997.637
855.068
794.999
882.86
885.131
857.666
1003.72
989.044
913.384
919.18
953.747
914.554
980.972
970.751
812.663
943.456
914.396
1071.7
952.874
992.644
865.613
998.339
870.941
987.377
1015.56
989.74
1011.71
905.539
979.825
1040.09
986.124
936.809
947.259
972.704
972.129
968.897
971.388
1027.97
867.213
1033.91
1057.06
992.263
994.897
892.705
979.092
1023.12
947.516
1063.38
870.07
911.937
839.043
964.24
1002.5
1042.47
907.443
964.215
972.705
899.277
924.605
1004.99
963.035
961.745
1039.77
1052.97
908.556
983.394
1067.65
838.485
914.273
971.601
959.581
988.394
903.416
999.487
1064.37
978.449
1003.17
824.828
774.056
924.337
948.069
976.304
1090.04
962.735
1066.58
942.892
951.608
996.029
989.495
1026.35
978.303
946.229
869.043
890.116
943.949
895.6
934.364
963.814
969.982
895.671
927.541
869.938
820.441
960.228
890.482
985.864
914.286
1049.59
882.043
948.004
1033.49
1023.98
984.86
956.305
834.483
952.441
934.513
956.112
838.804
968.089
924.19
800.138
1042.88
833.25
985.829
1083.24
858.255
917.575
923.421
980.463
961.214
953.72
771.384
965.775
969.63
1073.08
832.243
856.316
930.398
894.016
734.969
887.653
1005.19
989.776
879.382
825.798
1111.92
1031.73
984.073
954.693
848.748
898.009
926.624
988.057
768.447
983.819
802.335
984.24
835.633
992.36
828.942
1012.77
954.508
856.991
869.848
820.729
1045.03
996.268
924.195
967.653
870.127
833.935
932.784
885.671
893.403
1004.95
840.319
1059.18
1002.62
923.906
1007.27
869.313
984.463
869.038
898.588
912.345
1001.69
1015.88
831.473
969.663
889.247
1042.25
880.929
886.764
804.012
1010.82
1029.56
1014.14
1076.97
846.136
895.933
946.529
772.023
825.92
993.285
824.869
924.966
863.454
822.895
1018.53
995.688
948.768
959.348
910.363
943.126
897.095
878.831
1018.42
878.938
1137.42
976.212
866.449
862.868
969.557
1053.74
761.806
1066.51
880.563
862.999
796.513
961.438
985.647
1008.4
846.057
984.847
984.446
953.644
957.401
1137.18
974.684
987.635
1021.85
869.081
874.874
888.799
975.436
823.196
823.194
986.715
862.447
992.204
895.919
891.626
929.623
944.669
854.127
949.555
840.027
887.702
815.438
820.591
826.224
887.394
792.054
1034.69
871.464
900.892
938.148
931.181
892.115
970.846
908.667
971.716
1042.26
960.132
910.379
790.332
1006.59
960.333
844.181
801.367
1039.86
978.987
1016.56
865.664
948.16
810.177
829.454
894.075
870.143
864.296
858.586
907.761
888.427
822.155
815.742
1002.97
1056.47
1029.39
965.111
1008.5
1004.8
793.552
1093.65
780.674
888.207
895.829
841.439
778.869
880.913
837.969
976.191
843.176
857.617
823.125
908.583
894.751
940.569
952.425
1031.86
1070.49
922.784
983.716
877.243
780.759
768.798
818.271
923.271
791.632
875.39
991.275
945.754
965.378
809.5
854.824
866.611
979.582
847.882
874.261
1009.92
960.532
921.494
1000.62
951.139
879.01
920.767
958.028
871.4
852.161
842.752
869.84
1009.39
919.188
859.354
960.921
877.494
1003.76
818.404
869.542
807.651
930.951
929.787
821.51
1026.15
881.069
1008.76
965.312
956.677
876.677
843.366
845.505
982.94
1003.71
902.11
865.379
1043.52
694.239
830.442
776.604
942.768
780.348
1042.85
931.12
951.206
891.643
868.557
990.295
842.511
868.889
884.642
889.497
928.1
906.907
933.112
982.213
832.374
700.691
816.646
858.725
897.314
854.034
773.489
1035.53
953.174
884.691
786.979
853.471
958.76
904.963
1025.84
807.37
950.864
843.026
905.153
835.623
1050.16
871.733
1007.07
899.423
1038.42
895.697
820.7
891.481
790.91
849.484
882.857
917.715
787.368
1058.16
893.171
979.701
1014.32
818.175
892.771
938.203
812.274
818.56
1008.56
869.203
954.728
817.397
938.468
991.509
968.766
923.226
875.77
969.34
918.54
856.214
973.54
928.889
818.745
1023.55
1059.64
906.971
937.293
960.595
870.97
840.429
857.259
972.603
983.586
892.345
938.482
860.618
853.419
859.434
784.158
881.041
948.513
868.434
845.018
810.752
1016.33
966.252
1056.78
946.058
955.442
781.113
892.389
977.656
855.44
976.677
978.683
976.921
877.842
1013.47
963.783
1037.42
754.763
889.899
953.772
911.233
900.644
989.852
904.256
968.136
952.982
979.662
892.083
937.238
846.711
760.931
922.062
851.01
931.365
788.623
1019.05
981.327
883.03
1044.37
830.355
986.718
878.003
844.906
762.798
760.067
931.69
1011.8
867.376
986.454
850.429
842.043
914.575
951.368
1045.95
898.808
885.248
853.994
940.908
916.756
921.732
823.635
911.609
918.216
839.67
936.731
1025.91
1020.74
928.159
911.987
953.024
932.549
848.796
839.994
946.007
909.098
846.87
1034.9
774.061
775.002
843.769
949.265
889.011
946.388
907.327
931.605
1091.22
836.276
973.997
870.076
972.626
852.643
819.854
957.442
1035.14
808.284
947.583
865.246
795.32
826.834
1030.24
857.905
1021.04
906.344
1016.06
956.368
912.365
893.69
794.521
778.045
787.597
915.461
901.304
969.556
765.198
926.387
905.317
960.865
860.653
846.817
970.937
923.598
817.673
936.945
842.467
992.431
890.065
868.866
928.449
848.963
918.226
1007.65
866.884
762.137
895.24
1020.74
873.674
958.937
886.108
941.418
821.031
911.562
834.327
746.372
805.544
948.983
1024.01
931.771
930.631
919.299
788.562
990.662
963.153
822.467
871.95
833.405
826.658
990.249
922.973
905.564
986.569
811.747
875.548
903.08
894.011
1002.63
961.07
840.822
883.279
901.075
823.304
804.029
1035.55
981.522
902.28
884.386
972.994
879.323
906.347
898.231
842.311
806.201
915.029
968.833
1053.65
807.341
873.384
996.606
976.722
929.043
983.919
887.643
906.409
832.687
942.131
835.467
1101.43
944.133
848.54
867.162
966.653
937.265
823.765
866.882
983.249
909.555
916.482
1109.32
865.509
915.709
866.11
852.513
902.575
1057.08
850.635
933.454
870.955
971.875
926.82
958.732
996.992
957.695
951.182
988.523
890.57
826.631
903.468
1011.11
788.996
997.656
880.105
852.675
884.816
926.597
918.201
963.405
957.104
1057.75
1080.92
1004.38
839.488
873.95
751.653
909.158
813.187
1002.65
817.892
907.705
907.603
901.57
897.817
986.633
851.822
980.675
892.786
980.968
862.076
742.375
795.224
854.369
1011.74
866.497
938.558
925.736
989.653
956.204
891.98
998.548
892.258
933.837
886.707
1017.51
915.786
961.659
820.993
914.625
935.197
947.59
939.81
1028.99
1052.18
873.873
917.398
935.923
905.24
998.046
829.037
733.529
923.838
907.956
976.445
874.141
930.796
1025.62
870.364
904.114
887.291
1009.06
1007.04
968.105
844.654
799.352
886.141
975.506
806.254
939.64
908.18
922.356
938.735
1007.65
952.744
1060.8
861.896
906.191
990.233
992.486
960.406
819.375
1001.71
983.051
1047.64
927.312
1041.33
953.955
882.462
908.397
940.407
812.256
963.706
953.563
915.491
997.968
858.907
1053.88
1002.89
964.785
988.901
958.114
992.445
1052.78
969.017
945
1097.94
1001.02
966.45
971.78
950.049
889.902
944.475
866.657
972.284
929.606
1022.34
795.28
872.307
931.548
942.431
953.89
843.232
1001.62
911.504
1024.96
981.342
1065.15
922.955
960.223
881.214
979.253
948.318
926.894
923.008
979.794
935.709
964.875
883.734
938.415
973.682
1020.27
890.476
931.061
978.854
1014.85
907.034
906.486
1025.98
883.299
947.316
910.356
872.771
790.366
890.195
1048.75
899.563
1046.71
947.398
967.35
933.218
967.453
835.32
809.517
927.294
892.043
1006.08
913.689
937.302
963.198
911.404
967.65
968.379
971.452
1019.8
930.64
930.02
910.481
865.04
999.761
1015.86
856.96
886.583
914.078
903.695

