0.629595
0.831962
0.43712
0.791227
0.0594619
0.135135
0.543824
0.930452
0.884899
0.389895
0.414558
0.856863
0.286759
0.107757
0.576676
0.777602
0.142251
0.808677
0.748094
0.410025
0.475116
0.34446
0.416799
0.0236477
0.525811
0.717892
0.236023
0.694865
0.779951
0.76275
0.121563
0.370518
0.928251
0.766006
0.28958
0.983661
0.428107
0.0378131
0.598326
0.0155956
0.756724
0.130679
0.374567
0.217496
0.577797
0.205663
0.787021
0.748369
0.455336
0.285268
0.85022
0.450008
0.835012
0.430246
0.330996
0.950872
0.248873
0.356794
0.417871
0.497053
0.885293
0.563165
0.6855
0.967759
0.182369
0.567805
0.0296646
0.203962
0.157765
0.547594
0.203991
0.211287
0.067294
0.193097
0.901522
0.782049
0.30259
0.422008
0.989525
0.797121
0.387472
0.18194
0.224731
0.737383
0.533507
0.664736
0.201831
0.468824
0.566497
0.0974638
0.277024
0.0173117
0.563884
0.88694
0.0701901
0.0620209
0.253307
0.307065
0.89664
0.134073
