0.041631 0.000985395 3.90799e-14 
0.0913306 0.364602 0.176643 
0.52675 0.487217 0.0922976 
0.831292 0.233178 0.454433 
0.556094 0.56806 0.931731 
0.0189148 0.767051 0.0508319 
0.875981 0.298197 0.25236 
0.515431 0.920261 0.531557 
0.886314 0.18842 0.810429 
0.815274 0.0767746 0.570614 
0.893906 0.118352 0.984891 
0.253311 0.100916 0.784484 
0.678877 0.378377 0.0198417 
0.00622945 0.752707 0.680923 
0.61755 0.126462 0.624407 
0.496722 0.186536 0.770928 
0.701703 0.315939 0.5095 
0.370995 0.876312 0.367247 
0.542743 0.427835 0.525252 
0.830779 0.171142 0.667979 
0.0525795 0.769221 0.861905 
0.0820965 0.334284 0.96673 
0.676226 0.0742624 0.270315 
0.569185 0.464211 0.810159 
0.738759 0.58651 0.512203 
0.964704 0.577967 0.871689 
0.176928 0.392828 0.333529 
0.811172 0.852681 0.111869 
0.138915 0.904283 0.954887 
0.0040902 0.126987 0.686187 
0.58678 0.192952 0.000502785 
0.464765 0.0267859 0.374959 
0.287904 0.442235 0.785343 
0.728417 0.525972 0.853353 
0.468044 0.783484 0.266314 
0.72844 0.447177 0.196997 
0.466057 0.756841 0.966093 
0.846053 0.134039 0.868966 
0.670082 0.940855 0.0180877 
0.61046 0.143217 0.799972 
0.366065 0.774415 0.908283 
0.445171 0.884822 0.944288 
0.479854 0.424817 0.163028 
0.792261 0.60843 0.0311283 
0.898759 0.525121 0.182497 
0.388025 0.942626 0.30879 
0.337718 0.911384 0.930512 
0.971011 0.702077 0.532812 
0.0908641 0.751941 0.768085 
0.0197704 0.174644 0.853967 
0.378232 0.29637 0.419054 
0.380847 0.138448 0.418716 
0.238803 0.0210121 0.29978 
0.525435 0.221059 0.0371094 
0.77383 0.882522 0.494525 
0.547801 0.119801 0.0590025 
0.588122 0.456812 0.341916 
0.818931 0.069927 0.58515 
0.191161 0.585483 0.403161 
0.207704 0.176332 0.892277 
0.992644 0.158915 0.115748 
0.642215 0.811796 0.681571 
0.823483 0.737553 0.329342 
0.358774 0.657982 0.721261 
0.814954 0.415004 0.610365 
0.044742 0.274311 0.773965 
0.630215 0.514091 0.601041 
0.452489 0.278501 0.180893 
0.413655 0.742832 0.642986 
0.854436 0.618289 0.618052 
0.0233282 0.307928 0.181457 
0.990755 0.951453 0.00918198 
0.935652 0.604093 0.20494 
0.439128 0.546866 0.559567 
0.200814 0.306805 0.449752 
0.209561 0.0498956 0.2158 
0.41561 0.91482 0.574563 
0.586702 0.355701 0.654159 
0.285516 0.0338502 0.391946 
0.925937 0.444385 0.091604 
0.861146 0.605927 0.921284 
0.844568 0.686701 0.0147172 
0.0130721 0.059656 0.129647 
0.0150574 0.865676 0.391159 
0.662069 0.886719 0.924289 
0.0929771 0.0763399 0.654911 
0.789756 0.52667 0.00325213 
0.798389 0.545893 0.654019 
0.255246 0.253315 0.726753 
0.467587 0.482949 0.138354 
0.858395 0.504214 0.100876 
0.964318 0.82157 0.0100477 
0.0630804 0.929619 0.0194594 
0.276666 0.190257 0.0379622 
0.151123 0.649382 0.447314 
0.53428 0.649658 0.487155 
0.721992 0.394116 0.356802 
0.106581 0.306141 0.724702 
0.239058 0.740914 0.91078 
0.0261815 0.368411 0.651344 
0.0561211 0.0418161 0.849258 
0.501694 0.479733 0.426039 
0.912656 0.607505 0.980527 
0.971132 0.713813 0.750416 
0.0183105 0.264289 0.0292117 
0.114352 0.154636 0.0806761 
0.128804 0.938249 0.756538 
0.599178 0.122524 0.592612 
0.412451 0.256026 0.0658728 
0.0169964 0.353495 0.948387 
0.861975 0.762359 0.973425 
0.0367614 0.867867 0.40513 
0.984823 0.423333 0.208479 
0.468223 0.576262 0.564353 
0.302084 0.761121 0.46416 
0.136846 0.098524 0.417257 
0.893077 0.180448 0.698138 
0.141218 0.302287 0.730879 
0.590112 0.442203 0.8241 
0.897659 0.502689 0.977622 
0.455035 0.261282 0.724808 
0.0169306 0.960489 0.261958 
0.0978709 0.901961 0.940439 
0.795402 0.0847016 0.521122 
0.880272 0.0957817 0.86891 
0.472639 0.202012 0.00600615 
0.0984262 0.933968 0.644231 
0.659436 0.507583 0.570898 
0.68925 0.735755 0.892915 
0.763515 0.240409 0.809339 
0.481051 0.54236 0.768728 
0.526698 0.0735676 0.41438 
0.131093 0.751598 0.507623 
0.101193 0.763973 0.00937614 
0.11592 0.0892442 0.965288 
0.21853 0.745245 0.896274 
0.88446 0.240793 0.58546 
0.927216 0.0565028 0.396093 
0.230231 0.870782 0.45242 
0.852889 0.571254 0.488962 
0.0386261 0.920511 0.218364 
0.105162 0.0538191 0.40839 
0.114494 0.572954 0.529782 
0.724749 0.500902 0.0425676 
0.0350746 0.346086 0.494231 
0.504929 0.915601 0.366505 
0.0153471 0.923538 0.861768 
0.716462 0.239358 0.289962 
0.244662 0.777378 0.101573 
0.514516 0.591599 0.431663 
0.803579 0.721587 0.768635 
0.818314 0.50618 0.740518 
0.861748 0.57587 0.0592642 
0.124058 0.828654 0.551174 
0.0317971 0.00157201 0.710174 
0.300237 0.671436 0.291344 
0.124291 0.273296 0.433837 
0.416033 0.104943 0.134329 
0.14833 0.260122 0.820584 
0.352915 0.221272 0.0138782 
0.686691 0.421203 0.76193 
0.143644 0.329879 0.526691 
0.729884 0.744665 0.375358 
0.556697 0.17376 0.731954 
0.558393 0.870456 0.685514 
0.962264 0.535651 0.344739 
0.686961 0.752715 0.923171 
0.707908 0.360733 0.336166 
0.0137413 0.397451 0.662554 
0.219446 0.667512 0.407951 
0.0191816 0.617571 0.0888169 
0.374485 0.206055 0.217242 
0.524278 0.293948 0.399823 
0.727059 0.3971 0.792152 
0.123042 0.631985 0.697282 
0.0281082 0.168706 0.733361 
0.170083 0.170799 0.21649 
0.901156 0.312893 0.528646 
0.136992 0.0791526 0.443719 
0.842087 0.642834 0.53529 
0.367711 0.340412 0.969753 
0.124773 0.0456469 0.712868 
0.837492 0.965184 0.258288 
0.808773 0.688702 0.687851 
0.683919 0.583177 0.52461 
0.276283 0.759754 0.460254 
0.148406 0.0659669 0.316928 
0.944774 0.239584 0.472621 
0.171349 0.260945 0.33058 
0.478475 0.863814 0.873876 
0.102704 0.772772 0.216758 
0.166173 0.230993 0.207741 
0.1085 0.804494 0.26502 
0.2152 0.879562 0.258255 
0.792525 0.625837 0.665078 
0.250514 0.630425 0.345951 
0.405085 0.806997 0.0359759 
0.784341 0.756344 0.438404 
0.387701 0.7159 0.480335 
0.900804 0.417493 0.0281683 
0.757822 0.834165 0.612354 
0.405708 0.86144 0.606587 
0.105243 0.584804 0.23763 
0.704126 0.84501 0.490458 
0.0330962 0.692993 0.104651 
0.275132 0.732294 0.426893 
0.218391 0.314019 0.335741 
0.070587 0.579483 0.607551 
0.292917 0.16088 0.47934 
0.092966 0.996661 0.657304 
0.933532 0.0224522 0.0516261 
0.556107 0.712304 0.063295 
0.46036 0.988242 0.412148 
0.535025 0.687137 0.699764 
0.600958 0.542324 0.576024 
0.24556 0.897791 0.371753 
0.290063 0.570197 0.412392 
0.26194 0.267869 0.832116 
0.109539 0.0659505 0.49332 
0.703576 0.617532 0.233001 
0.128187 0.803192 0.258866 
0.161266 0.808443 0.404914 
0.029097 0.690954 0.443031 
0.913377 0.508058 0.542918 
0.833358 0.863972 0.43881 
0.914567 0.872171 0.665999 
0.674812 0.0922657 0.151167 
0.315506 0.89594 0.131121 
0.21381 0.581422 0.0705783 
0.804998 0.306999 0.693284 
0.577276 0.743849 0.878733 
0.646554 0.84547 0.867274 
0.803995 0.623799 0.0977268 
0.102613 0.444886 0.930262 
0.135853 0.850835 0.942635 
0.552864 0.683185 0.841756 
0.753355 0.348773 0.981669 
0.85431 0.422319 0.209897 
0.532371 0.254909 0.0214089 
0.627729 0.77386 0.627505 
0.887194 0.112535 0.790272 
0.479736 0.857243 0.773443 
0.291724 0.285605 0.774054 
0.476542 0.297004 0.197939 
0.590476 0.404809 0.313978 
0.0469354 0.867308 0.415645 
0.434994 0.762543 0.0438109 
0.958349 0.533305 0.490307 
0.385154 0.96368 0.456499 
0.332576 0.0364597 0.463136 
0.702766 0.945686 0.868259 
0.861911 0.198498 0.240648 
0.854752 0.169366 0.695628 
0.918223 0.0614069 0.186674 
0.289511 0.19096 0.310355 
0.848987 0.248398 0.99856 
0.710492 0.45775 0.427422 
0.34071 0.300612 0.500323 
0.366578 0.827981 0.00900238 
0.608564 0.2737 0.876902 
0.194412 0.218197 0.764369 
0.201899 0.654893 0.373621 
0.058197 0.437495 0.428968 
0.306156 0.666101 0.870058 
0.939546 0.927995 0.110096 
0.699112 0.213394 0.410016 
0.633189 0.292981 0.284144 
0.747304 0.587271 0.547851 
0.727227 0.956784 0.0689482 
0.1068 0.969032 0.0819872 
0.380172 0.440025 0.0906413 
0.290783 0.937598 0.711056 
0.0285232 0.174689 0.94199 
0.714289 0.945305 0.387987 
0.825957 0.336545 0.461379 
0.703631 0.890016 0.585883 
0.631414 0.890181 0.919677 
0.792193 0.0676589 0.357848 
0.749714 0.456972 0.625854 
0.52766 0.622832 0.292908 
0.237892 0.697903 0.797972 
0.556564 0.578003 0.203092 
0.438034 0.985825 0.900761 
0.477996 0.0105695 0.401726 
0.475154 0.0492697 0.545855 
0.357432 0.235276 0.729667 
0.151216 0.0746424 0.961916 
0.192994 0.679416 0.17388 
0.971513 0.0830794 0.74904 
0.51601 0.707502 0.318164 
0.146312 0.916574 0.897557 
0.747776 0.828978 0.698158 
0.778833 0.830125 0.992856 
0.248648 0.665123 0.667334 
0.37954 0.582616 0.138917 
0.598802 0.999364 0.175742 
0.616913 0.991894 0.75652 
0.868316 0.0896034 0.0997007 
0.225576 0.561984 0.556957 
0.584443 0.816021 0.556367 
0.918379 0.293196 0.735675 
0.165792 0.157721 0.473664 
0.974665 0.827632 0.734353 
0.728267 0.0775884 0.0460466 
0.0717326 0.922804 0.538749 
0.309434 0.927368 0.237515 
0.255177 0.999725 0.728931 
0.511578 0.127023 0.484168 
0.311062 0.85283 0.99839 
0.327819 0.596208 0.421436 
0.868525 0.469884 0.457622 
0.0552168 0.635386 0.552036 
0.45875 0.211341 0.469349 
0.864116 0.725661 0.090265 
0.288849 0.764288 0.177029 
0.00540993 0.962524 0.352192 
0.876898 0.265178 0.250467 
0.321905 0.899379 0.0906464 
0.479585 0.722877 0.805478 
0.503812 0.480124 0.260901 
0.0680288 0.639628 0.957014 
0.2135 0.431724 0.611262 
0.905344 0.435767 0.0191862 
0.259245 0.350561 0.574822 
0.0392974 0.893831 0.301015 
0.724551 0.0566365 0.846019 
0.0971701 0.158967 0.0181514 
0.671062 0.559112 0.363671 
0.819621 0.517762 0.316299 
0.520703 0.843438 0.791155 
0.773436 0.40412 0.561588 
0.0966452 0.666449 0.91708 
0.0178489 0.397558 0.831045 
0.238074 0.721142 0.223899 
0.972757 0.00743158 0.64325 
0.545193 0.0611293 0.0962819 
0.513874 0.186609 0.667218 
0.0609063 0.998382 0.180096 
0.549341 0.59951 0.948419 
0.325443 0.0858356 0.926818 
0.874161 0.243319 0.0915002 
0.235385 0.678279 0.670519 
0.579377 0.560397 0.800649 
0.906955 0.533374 0.601434 
0.828797 0.572246 0.898543 
0.283699 0.456984 0.0216981 
0.0779817 0.214712 0.570828 
0.575654 0.765427 0.203492 
0.69841 0.800253 0.851232 
0.349143 0.316103 0.590226 
0.0129699 0.834178 0.746505 
0.398833 0.314558 0.458611 
0.435045 0.69666 0.195499 
0.350515 0.062006 0.844583 
0.991565 0.524647 0.917694 
0.759068 0.863172 0.520446 
0.469778 0.216648 0.504339 
0.0782817 0.00278047 0.0226138 
0.490997 0.509557 0.558127 
0.88872 0.136681 0.587194 
0.729 0.917522 0.067121 
0.698749 0.894317 0.014542 
0.889769 0.83097 0.508778 
0.726788 0.545829 0.217069 
0.488208 0.821913 0.540194 
0.315544 0.0230832 0.471584 
0.353783 0.394255 0.703843 
0.239946 0.518482 0.798884 
0.533013 0.131736 0.211884 
0.786716 0.751321 0.751298 
0.3454 0.32624 0.727639 
0.483204 0.886705 0.270338 
0.857912 0.429391 0.34219 
0.224122 0.441828 0.45725 
0.893024 0.214331 0.923117 
0.928692 0.562849 0.940692 
0.67931 0.233135 0.932247 
0.869865 0.549636 0.458608 
0.00771965 0.282543 0.767137 
0.440868 0.0300158 0.0421635 
0.304827 0.643365 0.512701 
0.0096122 0.946721 0.253162 
0.719603 0.44847 0.222067 
0.122629 0.978476 0.328522 
0.680142 0.76412 0.14961 
0.448744 0.597538 0.904895 
0.0726783 0.42355 0.514675 
0.670467 0.190676 0.879651 
0.630738 0.0949169 0.62191 
0.845452 0.376392 0.00670948 
0.239261 0.170086 0.88816 
0.851269 0.572789 0.0239499 
0.691683 0.944195 0.380732 
0.912952 0.695405 0.823838 
0.355152 0.636848 0.0372871 
0.913557 0.969465 0.519772 
0.345999 0.446322 0.447147 
0.515637 0.261455 0.0196333 
0.129918 0.456917 0.245247 
0.758816 0.108709 0.453058 
0.702795 0.0952578 0.314982 
0.882905 0.503814 0.880336 
0.132817 0.324947 0.378459 
0.282963 0.0934124 0.618121 
0.48086 0.0124673 0.40703 
0.237954 0.29729 0.388466 
0.508332 0.866229 0.406228 
0.634451 0.282047 0.906234 
0.322161 0.914181 0.878872 
0.82248 0.569162 0.666958 
0.834634 0.67879 0.649076 
0.076707 0.0398606 0.683346 
0.252089 0.95031 0.00118701 
0.624113 0.226753 0.471283 
0.736531 0.75602 0.535527 
0.46282 0.659339 0.591635 
0.698431 0.0676333 0.890126 
0.660686 0.815614 0.459502 
0.518981 0.986607 0.884149 
0.976077 0.0700548 0.254493 
0.157157 0.163681 0.641506 
0.820092 0.139414 0.757526 
0.549849 0.858541 0.107183 
0.129071 0.717704 0.142562 
0.987886 0.202245 0.588139 
0.419269 0.199887 0.867485 
0.92729 0.763875 0.844964 
0.0868963 0.984243 0.307945 
0.182456 0.36079 0.304818 
0.550655 0.690921 0.671749 
0.388634 0.48222 0.336751 
0.148191 0.648797 0.80026 
0.382797 0.675137 0.480955 
0.195711 0.581803 0.266389 
0.708614 0.00672087 0.873085 
0.815312 0.415148 0.623765 
0.145061 0.0855544 0.949603 
0.0664255 0.211966 0.63999 
0.484609 0.031521 0.376344 
0.867443 0.328198 0.908717 
0.0309897 0.115513 0.0710189 
0.297365 0.688779 0.993182 
0.188889 0.231439 0.0481244 
0.445372 0.70031 0.178197 
0.73929 0.0214452 0.620769 
0.860067 0.110855 0.38908 
0.390581 0.191521 0.992008 
0.513588 0.80957 0.866816 
0.213301 0.327402 0.112716 
0.862519 0.346313 0.725136 
0.805679 0.166936 0.265462 
0.505394 0.316179 0.55973 
0.629843 0.437797 0.616738 
0.480033 0.377046 0.934541 
0.248642 0.124943 0.291284 
0.223155 0.879704 0.285735 
0.900472 0.0368278 0.114347 
0.937958 0.909281 0.244192 
0.0450772 0.0147267 0.433103 
0.573622 0.517967 0.930538 
0.922511 0.313598 0.0120211 
0.826002 0.36505 0.041837 
0.167178 0.374121 0.636185 
0.804405 0.606054 0.795772 
0.284662 0.573578 0.825447 
0.710131 0.0602408 0.915067 
0.401953 0.0827389 0.788616 
0.0808627 0.20916 0.173289 
0.551529 0.432551 0.216152 
0.959541 0.378936 0.118587 
0.620969 0.848858 0.162922 
0.433698 0.422625 0.736834 
0.0731523 0.758419 0.447476 
0.408338 0.841202 0.675066 
0.538076 0.334515 0.357614 
0.918796 0.163215 0.575211 
0.54933 0.595726 0.106324 
0.706708 0.887244 0.511954 
0.801359 0.313337 0.334639 
0.786856 0.133096 0.850575 
0.242937 0.0410108 0.271694 
0.313368 0.954203 0.147004 
0.434727 0.974507 0.814484 
0.257373 0.537349 0.70699 
0.810013 0.0444474 0.59622 
0.1662 0.476424 0.0457719 
0.324899 0.161255 0.677027 
0.247689 0.261815 0.0697619 
0.584789 0.301954 0.382626 
0.313825 0.00377639 0.643897 
0.927207 0.613021 0.46408 
0.913185 0.154475 0.0534655 
0.822072 0.226048 0.297527 
0.667324 0.898007 0.33608 
0.659081 0.988052 0.289052 
0.821241 0.453795 0.571688 
0.714007 0.694289 0.968828 
0.5549 0.460809 0.335035 
0.568241 0.820949 0.73987 
0.892918 0.284197 0.446268 
0.928969 0.168965 0.193273 
0.746505 0.780508 0.971575 
0.0427274 0.532594 0.882217 
0.208363 0.11412 0.42752 
0.292458 0.455459 0.654755 
0.920668 0.702502 0.687791 
0.295583 0.994804 0.509505 
0.361991 0.627437 0.435455 
0.977835 0.961148 0.973598 
0.329174 0.761651 0.037115 
0.566275 0.967897 0.981592 
0.171118 0.185172 0.438247 
0.992625 0.770143 0.108312 
0.380984 0.527081 0.487987 
0.87621 0.406646 0.593073 
0.258189 0.901626 0.41786 
0.737169 0.147061 0.884765 
0.515805 0.949832 0.693719 
0.433662 0.271444 0.520547 
0.835098 0.886825 0.100438 
0.239296 0.507551 0.988304 
0.617876 0.0546073 0.273883 
0.565301 0.111372 0.232269 
0.0835928 0.834536 0.614287 
0.203597 0.273603 0.611145 
0.176563 0.745774 0.607668 
0.252709 0.500391 0.378453 
0.93509 0.390301 0.0912983 
0.98812 0.993645 0.0742497 
0.823868 0.906675 0.894795 
0.852777 0.025411 0.8005 
0.065312 0.50472 0.855856 
0.875781 0.324039 0.847622 
0.95838 0.14619 0.9441 
0.494829 0.235425 0.446779 
0.214648 0.760606 0.20257 
0.742681 0.90948 0.168148 
0.135931 0.00798818 0.125124 
0.573493 0.976235 0.814445 
0.876542 0.815135 0.601694 
0.250362 0.381593 0.826305 
0.301509 0.710808 0.407144 
0.0276031 0.239252 0.563884 
0.237931 0.0854832 0.28659 
0.672837 0.931197 0.0735786 
0.833826 0.271743 0.828006 
0.0292453 0.851203 0.296835 
0.454147 0.453934 0.665862 
0.19025 0.560636 0.136624 
0.649457 0.402445 0.418964 
0.855203 0.501697 0.132437 
0.763841 0.510586 0.505375 
0.0769696 0.84543 0.642102 
0.190383 0.818454 0.0700534 
0.111574 0.147094 0.748236 
0.137488 0.982528 0.780798 
0.429929 0.033444 0.721836 
0.216907 0.506897 0.984188 
0.901832 0.313102 0.425786 
0.56777 0.921071 0.994886 
0.529434 0.585761 0.53023 
0.71379 0.234278 0.839625 
0.723922 0.238288 0.412383 
0.385403 0.695904 0.367732 
0.315359 0.864276 0.947667 
0.454633 0.805205 0.0840535 
0.842303 0.821188 0.500723 
0.175432 0.249074 0.971657 
0.871859 0.941544 0.932329 
0.468271 0.700133 0.615774 
0.0800172 0.541913 0.165106 
0.704269 0.623834 0.721437 
0.92789 0.340092 0.120252 
0.718574 0.105459 0.586205 
0.621574 0.683786 0.263978 
0.396053 0.844533 0.317775 
0.743095 0.589811 0.145615 
0.199555 0.616789 0.973529 
0.702425 0.462383 0.221152 
0.139755 0.483958 0.247353 
0.0120589 0.558478 0.780739 
0.612164 0.144603 0.641422 
0.411496 0.930802 0.588409 
0.808846 0.0235962 0.782728 
0.597488 0.594168 0.382989 
0.125346 0.613878 0.693359 
0.161032 0.545568 0.936225 
0.748381 0.558899 0.413521 
0.616436 0.198426 0.522858 
0.0266552 0.74277 0.367663 
0.328234 0.993518 0.442231 
0.466995 0.804343 0.136929 
0.134785 0.60147 0.777774 
0.478518 0.562146 0.468667 
0.775801 0.664502 0.283298 
0.872217 0.34942 0.697942 
0.0646588 0.658377 0.967464 
0.0536053 0.933524 0.294662 
0.277756 0.0478123 0.78078 
0.0375246 0.953805 0.901764 
0.757365 0.647751 0.0214754 
0.212073 0.408517 0.274893 
0.661451 0.293812 0.102803 
0.791036 0.454277 0.0238847 
0.800586 0.0984806 0.884505 
0.686858 0.602915 0.558916 
0.809495 0.350081 0.455152 
0.393248 0.803306 0.6648 
0.08162 0.759297 0.541534 
0.689926 0.322448 0.777251 
0.613782 0.00921593 0.965501 
0.420949 0.444805 0.981322 
0.79698 0.370331 0.278045 
0.568254 0.948616 0.199249 
0.839719 0.12067 0.615737 
0.314596 0.84086 0.466326 
0.660201 0.40289 0.560578 
0.696366 0.779788 0.811383 
0.428199 0.271258 0.444913 
0.167043 0.538406 0.532109 
0.581409 0.357446 0.543942 
0.96198 0.81745 0.10725 
0.556345 0.74929 0.0310166 
0.444503 0.8599 0.314705 
0.92045 0.301207 0.782021 
0.699598 0.816743 0.972183 
0.300543 0.319043 0.772882 
0.819758 0.62999 0.889655 
0.516053 0.88358 0.572467 
0.666879 0.695443 0.234721 
0.735886 0.660429 0.403137 
0.968585 0.432875 0.553013 
0.891771 0.184982 0.818926 
0.0010374 0.761813 0.690745 
0.988672 0.610117 0.247398 
0.510719 0.714053 0.85078 
0.769854 0.0734699 0.899577 
0.694201 0.809125 0.551878 
0.090904 0.0839432 0.141654 
0.665741 0.686223 0.558289 
0.58076 0.702975 0.82386 
0.192091 0.297452 0.867913 
0.410292 0.696702 0.376048 
0.213476 0.922462 0.0380917 
0.441972 0.871927 0.710788 
0.250195 0.450103 0.985415 
0.122795 0.227029 0.155484 
0.990881 0.780031 0.107208 
0.857873 0.953954 0.0870439 
0.223925 0.715937 0.165088 
0.318375 0.726387 0.571455 
0.0880513 0.314139 0.285648 
0.53476 0.342211 0.670504 
0.868607 0.256998 0.144602 
0.279918 0.938484 0.0404592 
0.711848 0.141164 0.688305 
0.442964 0.941802 0.648426 
0.373279 0.715349 0.428958 
0.630043 0.896931 0.266862 
0.125463 0.182736 0.768814 
0.93247 0.373411 0.187369 
0.437554 0.779681 0.0664883 
0.0150411 0.894637 0.576047 
0.326693 0.362936 0.080906 
0.0194849 0.685536 0.21637 
0.458663 0.0317973 0.446525 
0.888162 0.180235 0.590483 
0.0493333 0.997017 0.441167 
0.218667 0.52912 0.832654 
0.358419 0.210294 0.477857 
0.598752 0.618578 0.699641 
0.0353318 0.767362 0.654717 
0.668201 0.740419 0.901469 
0.826312 0.622922 0.290296 
0.206907 0.4596 0.226527 
0.276432 0.15603 0.896932 
0.0608466 0.965937 0.203887 
0.161323 0.693856 0.18192 
0.276954 0.270268 0.100507 
0.431193 0.927838 0.0715654 
0.691221 0.50455 0.45858 
0.884072 0.00544828 0.920709 
0.893424 0.897271 0.798805 
0.92649 0.527324 0.926872 
0.00498973 0.640417 0.569878 
0.582388 0.128356 0.13187 
0.560723 0.114843 0.267796 
0.313832 0.970563 0.392056 
0.495722 0.897175 0.883471 
0.313925 0.705974 0.463862 
0.747261 0.865837 0.0395813 
0.403825 0.241302 0.778708 
0.855806 0.406837 0.145973 
0.382423 0.830018 0.551239 
0.105798 0.889923 0.23823 
0.102582 0.212282 0.00497515 
0.524171 0.800681 0.332564 
0.540134 0.609395 0.677334 
0.817563 0.13745 0.151839 
0.949312 0.438475 0.470063 
0.370179 0.0857227 0.829849 
0.054836 0.874018 0.102623 
0.776622 0.949931 0.418896 
0.254165 0.649972 0.306032 
0.253955 0.0576079 0.425071 
0.570069 0.283301 0.555353 
0.145116 0.228877 0.1374 
0.780959 0.608733 0.432578 
0.761824 0.154326 0.678318 
0.0324781 0.324243 0.591675 
0.0963331 0.0664309 0.709247 
0.853789 0.994792 0.655093 
0.0442208 0.807202 0.046384 
0.958514 0.119378 0.806807 
0.732101 0.848305 0.446323 
0.00481377 0.822907 0.290281 
0.50444 0.375333 0.324588 
0.0587939 0.937756 0.0223779 
0.359277 0.108199 0.713791 
0.159609 0.33818 0.837343 
0.0813586 0.532939 0.799907 
0.373828 0.364295 0.0655692 
0.667051 0.281363 0.104792 
0.38516 0.536756 0.693436 
0.128626 0.438825 0.923095 
0.0380691 0.270454 0.992466 
0.226576 0.513243 0.123052 
0.334524 0.152198 0.0438305 
0.866951 0.373111 0.251585 
0.0656155 0.812752 0.162313 
0.985765 0.289241 0.499185 
0.313945 0.746165 0.841021 
0.134617 0.545084 0.0654879 
0.922727 0.41996 0.434446 
0.637973 0.497176 0.345322 
0.897154 0.159268 0.270677 
0.603134 0.0209802 0.077215 
0.448589 0.104308 0.600509 
0.47104 0.670813 0.233293 
0.914095 0.0897179 0.630651 
0.788372 0.802117 0.436534 
0.0325429 0.920135 0.568036 
0.354609 0.318377 0.195296 
0.565405 0.65817 0.0137451 
0.460201 0.909173 0.157172 
0.0261132 0.203302 0.536488 
0.184896 0.0636059 0.933655 
0.149858 0.0309208 0.274168 
0.432829 0.351791 0.772654 
0.631301 0.548656 0.633945 
0.397611 0.640043 0.888123 
0.151434 0.163689 0.206844 
0.059915 0.334911 0.56653 
0.979441 0.747632 0.0644332 
0.0865216 0.824972 0.554739 
0.0995396 0.507279 0.710287 
0.0291424 0.272308 0.9485 
0.610852 0.0249108 0.526751 
0.0662842 0.0927505 0.748482 
0.995873 0.706583 0.516621 
0.575391 0.738303 0.280614 
0.944956 0.527343 0.45193 
0.617519 0.945253 0.631203 
0.17197 0.407015 0.232616 
0.944457 0.532223 0.748427 
0.750661 0.760052 0.83625 
0.107418 0.548363 0.924229 
0.102062 0.8485 0.366036 
0.634505 0.495397 0.256832 
0.791767 0.397929 0.160117 
0.633059 0.898765 0.0387236 
0.0177798 0.926631 0.431992 
0.523324 0.59256 0.0799135 
0.232892 0.974371 0.0419978 
0.963656 0.367094 0.992748 
0.647624 0.393283 0.410894 
0.718715 0.330785 0.363226 
0.595791 0.445942 0.014758 
0.523423 0.136318 0.157907 
0.200015 0.273632 0.826546 
0.719068 0.668582 0.0549172 
0.898695 0.61921 0.684864 
0.854064 0.974251 0.665559 
0.911078 0.921567 0.640167 
0.972779 0.791525 0.402485 
0.483999 0.205956 0.770517 
0.804927 0.564578 0.887524 
0.345878 0.308634 0.421024 
0.0194752 0.171562 0.502863 
0.13081 0.631454 0.262275 
0.733997 0.561694 0.832835 
0.855263 0.639863 0.810899 
0.283261 0.154785 0.227245 
0.593791 0.178111 0.530429 
0.862593 0.842928 0.723844 
0.502328 0.569676 0.898825 
0.0778803 0.453464 0.0853994 
0.24075 0.108232 0.36042 
0.944036 0.491227 0.944392 
0.657244 0.618308 0.562266 
0.144822 0.666011 0.658304 
0.0575025 0.814437 0.0460599 
0.89897 0.65758 0.112098 
0.763023 0.688974 0.205893 
0.856284 0.673712 0.258244 
0.825743 0.0177497 0.147039 
0.589236 0.103161 0.197331 
0.365909 0.293031 0.280902 
0.213199 0.12263 0.601977 
0.680839 0.529815 0.831057 
0.484336 0.305564 0.484087 
0.922559 0.498469 0.934992 
0.701354 0.397257 0.869411 
0.74127 0.0592685 0.802539 
0.390101 0.102966 0.192905 
0.603889 0.129589 0.610894 
0.542412 0.53016 0.416104 
0.836563 0.149917 0.27178 
0.413088 0.937796 0.822742 
0.946172 0.125411 0.162069 
0.607194 0.41698 0.195774 
0.109468 0.251057 0.765002 
0.915661 0.512456 0.636292 
0.809465 0.583179 0.416892 
0.321084 0.863313 0.196332 
0.0410591 0.533631 0.513425 
0.849448 0.670788 0.239919 
0.41906 0.102843 0.223319 
0.970508 0.270952 0.701398 
0.151814 0.759711 0.806265 
0.74671 0.329145 0.282892 
0.937036 0.949357 0.0175504 
0.458942 0.864044 0.245066 
0.72144 0.901442 0.838522 
0.992671 0.480674 0.917998 
0.85922 0.962246 0.352244 
0.414306 0.996413 0.751233 
0.596418 0.387551 0.941625 
0.223728 0.538381 0.68332 
0.801278 0.375729 0.609093 
0.629408 0.301707 0.545109 
0.814637 0.663918 0.536932 
0.707769 0.341063 0.848838 
0.841132 0.936733 0.120386 
0.74555 0.827339 0.932752 
0.965945 0.00691075 0.00477922 
0.00917833 0.967638 0.346736 
0.360517 0.200604 0.995036 
0.347856 0.207362 0.588272 
0.0674604 0.275918 0.892425 
0.752349 0.457838 0.105414 
0.284898 0.28306 0.243603 
0.82014 0.80126 0.525758 
0.20155 0.0708867 0.392502 
0.737835 0.660764 0.728207 
0.188896 0.898861 0.0281784 
0.357461 0.274947 0.406363 
0.227922 0.842315 0.880669 
0.383452 0.689377 0.901967 
0.0163804 0.329357 0.527663 
0.0154209 0.593553 0.0170825 
0.821437 0.139765 0.000141304 
0.5415 0.982251 0.950742 
0.18481 0.248257 0.554751 
0.00572448 0.896462 0.117741 
0.733115 0.869976 0.486909 
0.250384 0.31976 0.437746 
0.798632 0.672862 0.53258 
0.155858 0.34368 0.382052 
0.14951 0.140597 0.72937 
0.215879 0.537555 0.396229 
0.204653 0.881218 0.128136 
0.424629 0.166448 0.737205 
0.00777051 0.698446 0.208874 
0.57032 0.275395 0.477446 
0.473382 0.988086 0.934561 
0.101842 0.777934 0.148568 
0.0802785 0.824509 0.153745 
0.247623 0.215222 0.241916 
0.796295 0.157593 0.330884 
0.17602 0.652979 0.400327 
0.0901342 0.748211 0.311391 
0.64306 0.642075 0.798189 
0.63357 0.6607 0.557565 
0.794534 0.566998 0.0223374 
0.370595 0.602125 0.97545 
0.838462 0.220043 0.680188 
0.53579 0.283175 0.208775 
0.591181 0.788038 0.525372 
0.998089 0.800639 0.743953 
0.78962 0.949857 0.0284076 
0.373885 0.936084 0.633413 
0.351461 0.584182 0.0832256 
0.566944 0.622071 0.79823 
0.451045 0.873716 0.939292 
0.643678 0.806757 0.0794687 
0.31971 0.37957 0.776803 
0.0385045 0.0676063 0.320925 
0.796405 0.147234 0.0182496 
0.136014 0.463857 0.0300336 
0.828069 0.551497 0.26291 
0.388949 0.610832 0.476853 
0.257586 0.210424 0.321291 
0.573846 0.0552641 0.830827 
0.607685 0.99066 0.00391814 
0.146567 0.821536 0.796311 
0.912554 0.483931 0.714133 
0.478762 0.0308273 0.961863 
0.499684 0.475757 0.982955 
0.695393 0.61432 0.882556 
0.197558 0.989521 0.290891 
0.128268 0.712005 0.770277 
0.54875 0.768207 0.606492 
0.319399 0.838026 0.841016 
0.382596 0.663251 0.561829 
0.760447 0.904713 0.064561 
0.976354 0.285682 0.470124 
0.0584856 0.372323 0.34676 
0.144666 0.685933 0.184966 
0.355018 0.607364 0.126622 
0.994107 0.734123 0.0263689 
0.279549 0.853409 0.650191 
0.399892 0.610263 0.732972 
0.221933 0.559581 0.678131 
0.139807 0.183521 0.372183 
0.465275 0.616563 0.311967 
0.946 0.30117 0.367415 
0.0348552 0.874227 0.43951 
0.968575 0.576502 0.279775 
0.668989 0.658579 0.971805 
0.238386 0.0312186 0.959132 
0.803408 0.621367 0.738199 
0.787251 0.421019 0.872663 
0.751989 0.111445 0.829089 
0.827723 0.46376 0.627707 
0.953221 0.922227 0.299289 
0.319713 0.59637 0.629674 
0.333026 0.338049 0.754758 
0.161047 0.612412 0.46563 
0.216481 0.657944 0.824612 
0.981012 0.499555 0.546968 
0.0578025 0.753616 0.494552 
0.861848 0.257702 0.313765 
0.389889 0.205382 0.22127 
0.92568 0.677532 0.650834 
0.606103 0.519732 0.365847 
0.512902 0.223354 0.423982 
0.325402 0.943118 0.659677 
0.436012 0.178097 0.714938 
0.858879 0.512284 0.21839 
0.85759 0.530963 0.101039 
0.337572 0.496958 0.853483 
0.104852 0.95272 0.0623171 
0.95771 0.326053 0.419635 
0.184933 0.849416 0.487416 
0.767175 0.547537 0.685298 
0.828844 0.150154 0.0264003 
0.0117663 0.426824 0.856136 
0.178498 0.0932928 0.429473 
0.883682 0.343415 0.225761 
0.906381 0.238623 0.792956 
0.896713 0.0109967 0.703711 
0.382148 0.18326 0.338139 
0.960087 0.0518945 0.278898 
0.682711 0.82218 0.466449 
0.697087 0.28152 0.222658 
0.59298 0.213615 0.488694 
0.955995 0.54602 0.350565 
0.715725 0.305576 0.804909 
0.666163 0.0303732 0.464115 
0.344955 0.852188 0.758032 
0.213616 0.838946 0.692468 
0.471754 0.290943 0.88614 
0.210153 0.949336 0.335209 
0.341081 0.171956 0.199157 
0.243364 0.914256 0.182211 
0.082862 0.634584 0.228759 
0.988197 0.524033 0.441608 
0.357571 0.150143 0.536226 
0.559943 0.300726 0.917202 
0.796295 0.376138 0.551965 
0.194541 0.737476 0.905802 
0.144256 0.309375 0.923105 
0.556698 0.149375 0.731246 
0.873226 0.495035 0.360629 
0.939944 0.888946 0.519263 
0.0304773 0.87848 0.547518 
0.17824 0.395999 0.388137 
0.9073 0.4171 0.0639471 
0.157844 0.37701 0.119613 
0.897648 0.0515544 0.644068 
0.193295 0.549495 0.0144638 
0.752588 0.950833 0.0376762 
0.956364 0.291028 0.655273 
0.466023 0.478688 0.57483 
0.877653 0.810354 0.748855 
0.503837 0.488702 0.317358 
0.945695 0.57721 0.596489 
0.265748 0.75773 0.0772946 
0.00920511 0.279345 0.498627 
0.646951 0.770906 0.842834 
0.964755 0.601271 0.932134 
0.507116 0.0631109 0.906931 
0.0433729 0.507483 0.795712 
0.591607 0.731643 0.977032 
0.28086 0.312277 0.136715 
0.352583 0.966319 0.615847 
0.889659 0.218331 0.767222 
0.167181 0.181901 0.493036 
0.758205 0.348183 0.0543221 
0.828461 0.21633 0.419406 
0.732397 0.715074 0.214251 
0.273595 0.626026 0.195936 
0.498596 0.223982 0.400068 
0.0364634 0.67211 0.178266 
0.136693 0.889793 0.304633 
0.0554707 0.956571 0.637201 
0.911536 0.853765 0.471317 
0.158189 0.550196 0.742353 
0.23158 0.362381 0.807342 
0.645671 0.264758 0.0410856 
0.227616 0.708303 0.0587682 
0.447066 0.677112 0.90357 
0.965963 0.682382 0.550904 
